  0.74338721307849975     
  0.25002131110143289     
  0.57822870832268525     
  0.64806731254681260     
  0.38258688050121620     
  0.57489198901805905     
  0.80395253333217043     
  0.39426747813281421     
  0.64578889412896334     
  0.85340720370135181     
  0.27969999768008047     
  0.69149489826062027     
  0.59736702818305187     
  0.51220475995263293     
  0.89490083876198800     
  0.47448513775045414     
  0.44713923683372586     
  0.54407988806538843     
  0.67821674980099356     
  0.36001576513738331     
  0.23498649562535651     
  0.79927899898213617     
  0.76382138571820590     
  0.64576744451204393     
  0.55807144415183829     
  0.68275435132731710     
  0.89272263745123592     
  0.42245424734876857     
  0.49347876122285894     
  0.50501934305598217     
  0.68573694746261704     
  0.15329146617211742     
  0.62678466637860275     
  0.24782899607774386     
  0.81846987387185144     
  0.91662940556032024     
  0.55916235226631816     
  0.74842012594223806     
  0.83085987756395685     
  0.69311002826852086     
  0.77314425808053278     
  0.62260245596150665     
  0.80650421203718370     
  0.65725957708842198     
  0.44560420704616183     
  0.59498048364507272     
  0.20620971434527588     
  0.47096710218156518     
  0.44571156065993844     
  0.41379340213832855     
  0.76018870140312689     
  0.48592962094775033     
  0.44240874623579746     
  0.69521686581041109     
  0.44409771131691861     
  0.32165822505254105     
  0.38925088001196712     
  0.33677399956244947     
  0.32795432309781886     
  0.47985289248025137     
  0.35197496533277850     
  0.79855446032595567     
  0.86560620027354307     
  0.70880982656432523     
  0.72603021856803918     
  0.71062262832829792     
  0.59032134118433222     
  0.68783174047472162     
  0.81062772584104870     
  0.81022257066946579     
  0.83381818088918014     
  0.32879835803194413     
  0.86982936017602586     
  0.46135858670624252     
  0.59955031754839505     
  0.21324800893749615     
  0.46785016917961186     
  0.68116612319343339     
  0.41435385592899215     
  0.54967075787409114     
  0.40773070969253511     
  0.73235956608222164     
  0.67553619497001616     
  0.75078210638569398     
  0.77040037327050037     
  0.35696320296333511     
  0.12925748801182149     
  0.57947612886940914     
  0.67596240456481560     
  0.73341327245992094     
  0.71611072339896675     
  0.77865526436236909     
  0.80952360986591931     
  0.52354884288242776     
  0.49645167069215007     
  0.87426262103961117     
  0.47074713556866943     
  0.85565241519714330     
  0.41583653898882095     
  0.43517473707067034     
  0.82545748327516788     
  0.72946633040878739     
  0.63782116502494146     
  0.73034287254034291     
  0.85830406806415060     
  0.85257687406010452     
  0.61531905591930081     
  0.70119217435866121     
  0.83223057531665012     
  0.43892255420373771     
  0.86899689274093062     
  0.22369516258463820     
  0.81809217335917983     
  0.28487675772506410     
  0.48798786690124418     
  0.67846164425020627     
  0.21855841358386879     
  0.35291404392496289     
  0.24199171840487360     
  0.43360564528549173     
  0.92367279457141760     
  0.43292800660404679     
  0.42835044575033310     
  0.70178997847074887     
  0.65117278395023459     
  0.59611100522503491     
  0.25960236576625595     
  0.37595678560994589     
  0.42831270204593674     
  0.58789842208069754     
  0.23763081228034463     
  0.91235127428850160     
  0.84130409539386264     
  0.85565241519714330     
  0.69741368005463689     
  0.71685370231000156     
  0.92460630610201400     
  0.69350383363162371     
  0.44175139930778440     
  0.81116275898133816     
  0.72308885649254173     
  0.86841858720166587     
  0.59077362232180641     
  0.53388401968026444     
  0.37748333852680777     
  0.51494529620152663     
  0.25930336420628203     
  0.87027546840486070     
  0.31004053310571594     
  0.84271747326153368     
  0.62432507701287887     
  0.69619926049046799     
  0.33656760407119241     
  0.61547117461529077     
  0.71671098534150690     
  0.75161363969123285     
  0.91069454326841492     
  0.78154259460283493     
  0.37685295670082181     
  0.48693151221670367     
  0.24744094089748994     
  0.73562275707792357     
  0.59408774327544556     
  0.70794426003898880     
  0.80185626995998160     
  0.49337166429791757     
  0.67980424960396757     
  0.87950945937330782     
  0.51321985974486317     
  0.60019825408115568     
  0.36267777660302614     
  0.52851796855516386     
  0.36956103581424449     
  0.48230713321326757     
  0.76637396502726440     
  0.38637998402004786     
  0.86660016827496900     
  0.77224678479104103     
  0.41768612217829787     
  0.59562845376785345     
  0.55104423848052808     
  0.72784944697403831     
  0.62512943463720660     
  0.89318254979326150     
  0.64707309150049119     
  0.59245699674437291     
  0.45946559248086227     
  0.33507828923528937     
  0.87103940344140485     
  0.46078080528508214     
  0.38870950722931263     
  0.48663136009423236     
  0.79481378355214605     
  0.56091360303259741     
  0.71395328406185843     
  0.49109880735496747     
  0.37810385363039622     
  0.68861744177363537     
  0.61229239097779331     
  0.22391510132161921     
  0.73472802826714523     
  0.83146103520180104     
  0.78415092269522946     
  0.56417555908401562     
  0.69047306742620451     
  0.77733654231175453     
  0.68804175004090840     
  0.45741455309788909     
  0.39484159231960825     
  0.48256155313447957     
  0.61333710225819582     
  0.83259172975165563     
  0.57571517229534752     
  0.45654162920390906     
  0.82217053815578467     
  0.62654099270954611     
  0.94560582951808836     
  0.65759932872058202     
  0.44120108526766233     
  0.33086964924949203     
  0.41383736519446568     
  0.86724552550713130     
  0.36491940211670076     
  0.81708156270767118     
  0.49238626601885199     
  0.44633265418244983     
  0.34517499577876076     
  0.60460445759532455     
  0.38554929685947770     
  0.25450668055020759     
  0.25436268866740391     
  0.59073903934160710     
  0.56117695586201533     
  0.76184197856067104     
  0.36347692024548117     
  0.62142126790500374     
  0.65807824315421914     
  0.63060452196141814     
  0.44820441534935851     
  0.84865272572039807     
  0.22917797426018291     
  0.58378921613569712     
  0.68183925533243561     
  0.53279972362354611     
  0.61362738354913970     
  0.42758520149127921     
  0.75285326987384005     
  0.55166942820522635     
  0.90297757521497890     
  0.86786205218637513     
  0.66970037046966657     
  0.78701728935484017     
  0.26476142092694932     
  0.48770741556898678     
  0.84550695744659710     
  0.60765933382957293     
  0.83765158439614362     
  0.83090974079215507     
  0.39917150218579583     
  0.71859307417638818     
  0.37255216164074290     
  0.80678055047772235     
  0.71028905374561746     
  0.79555244147718907     
  0.52372126317493373     
  0.88124283337648956     
  0.87930191040655004     
  0.57018786309119518     
  0.89763732561326348     
  0.36524371339284184     
  0.30161757444116871     
  0.42402788705355587     
  0.61578175355260989     
  0.70469313253479027     
  0.66694215529906897     
  0.26781858780847895     
  0.69102930309734767     
  0.32886036363019677     
  0.57924957992711767     
  0.19367991509542659     
  0.62949502811322833     
  0.54186424781213038     
  0.48592978571305123     
  0.42682791997646280     
  0.51618599190668069     
  0.58575932871242642     
  0.48606659290662296     
  0.62904333043267258     
  0.73541921517651254     
  0.37259234724429874     
  0.57004252806950806     
  0.37321084855264253     
  0.59550317422267152     
  0.71739524985073255     
  0.79154153119464377     
  0.41957570458178312     
  0.67616004290152609     
  0.68765977206716855     
  0.55838693807595885     
  0.73890186266536884     
  0.75076370420983563     
  0.73340763069099912     
  0.91055189062459774     
  0.72957436887117189     
  0.19487607151112593     
  0.59377370887513403     
  0.89166552559773793     
  0.87930191040655004     
  0.84464683875140600     
  0.25031845196363600     
  0.73712680673700048     
  0.81009328089079491     
  0.64677360731076206     
  0.90035046588782786     
  0.45208391099896200     
  0.15754446986789189     
  0.68584793485055262     
  0.46943583781279530     
  0.35000217476801143     
  0.59423111288173636     
  0.53330971964373941     
  0.16889284642821234     
  0.85113560667896371     
  0.22826009677535725     
  0.45998853874902662     
  0.23704712900292838     
  0.33104340540082650     
  0.50960769547604456     
  0.67642503312604996     
  0.70198032403222932     
  0.56756952195868504     
  0.70027766771434075     
  0.37580924756118045     
  0.76084358085888582     
  0.21089967520285027     
  0.60760871829382312     
  0.86221642842634494     
  0.91055189062459774     
  0.68197553441643655     
  0.76412375682644906     
  0.57556284440817551     
  0.76382138571820590     
  0.78201923941036233     
  0.76210467618319933     
  0.39235302649285936     
  0.40937634121751071     
  0.62565947646113140     
  0.37005201740199734     
  0.85113560667896371     
  0.78931471564078448     
  0.35694166518753956     
  0.75898621121666388     
  0.69678171932919564     
  0.82697138707377049     
  0.41979647911096496     
  0.29640492449746536     
  0.87102710494645186     
  0.87073649603969283     
  0.33286710577330642     
  0.68232877313894680     
  0.77153341462514058     
  0.72784005003783847     
  0.40191422267449506     
  0.57172466155626100     
  0.54043587961062978     
  0.73623226414831056     
  0.21304915779808820     
  0.26718831677430405     
  0.36081495951825859     
  0.43643393218844850     
  0.84342789983534472     
  0.84263626344169706     
  0.24289706129506142     
  0.48397904304934442     
  0.36453317309663469     
  0.58546065271034653     
  0.62230131890936713     
  0.65471345343182097     
  0.66464697420677388     
  0.78927370173488032     
  0.19175058305186160     
  0.24957743261194548     
  0.39118540144249181     
  0.41887518918769473     
  0.58789842208069754     
  0.22707963631237146     
  0.73590033708908187     
  0.58504664803766004     
  0.92600833163822205     
  0.66499947743216681     
  0.78054807760670464     
  0.90532955230821643     
  0.45705968171593297     
  0.80192019547876447     
  0.48053302367250755     
  0.66125751103243591     
  0.54977385141717017     
  0.30968249888666438     
  0.66193785728703936     
  0.72449084491176596     
  0.87908503349108558     
  0.83721829969475114     
  0.65645523838189479     
  0.76760134143974079     
  0.83470882637888844     
  0.55343344912915737     
  0.77133106997848477     
  0.33334720568955534     
  0.71284806337696582     
  0.68027853187956244     
  0.73921364154348668     
  0.57694886084427377     
  0.21042932526935754     
  0.60813803653709042     
  0.67986409155679639     
  0.77939674873418596     
  0.82046389568555889     
  0.75441915379137792     
  0.64297456328148750     
  0.42596111942572012     
  0.50909022075431132     
  0.86624137587265659     
  0.74338721307849975     
  0.33757322146405155     
  0.46665680390028763     
  0.84210301932553366     
  0.80594496131588400     
  0.47043240620199439     
  0.61341814898242619     
  0.62195144890265153     
  0.38426287769015410     
  0.46848279055752190     
  0.19760354950020212     
  0.40413924624640529     
  0.71565331161273904     
  0.61683315044219877     
  0.67301304850721277     
  0.42713395733319209     
  0.79524352021011746     
  0.35631959688188208     
  0.67671640485049089     
  0.84403484216079594     
  0.90212820089011103     
  0.36138373056212858     
  0.22927850065156780     
  0.36091597144220250     
  0.88911212298434961     
  0.28944662567201102     
  0.46896607642995464     
  0.84789865782569129     
  0.76885184644152449     
  0.19945151367572653     
  0.51417819011826404     
  0.16513553248065904     
  0.22218571163859016     
  0.58521487686334639     
  0.73379111904872352     
  0.45899448817662136     
  0.67737305319403762     
  0.18872615423939915     
  0.21703060507065444     
  0.50587178504814312     
  0.48024448930693958     
  0.26665609569826265     
  0.52202326291403811     
  0.76410053036965242     
  0.75134420490975029     
  0.66386782127120658     
  0.73014779513483130     
  0.36559028099303714     
  0.58738378744479247     
  0.35847399680587055     
  0.75041036954991258     
  0.48700302071046614     
  0.70011164313135421     
  0.45850325589091429     
  0.85059566016191290     
  0.23215258473145514     
  0.90664918181956977     
  0.43518761363999342     
  0.33280966710543902     
  0.87459585930314310     
  0.24580792193682011     
  0.83332210592593270     
  0.75073811274997249     
  0.32524798785328002     
  0.37872163909856515     
  0.74803001312655726     
  0.43914468890200109     
  0.22647853046061800     
  0.19994944356022942     
  0.68208597868676579     
  0.78117972214567433     
  0.62961778990395356     
  0.44486907750600396     
  0.42792060392605574     
  0.71041347775580199     
  0.35981785906416441     
  0.69969139433932936     
  0.73239710280581760     
  0.51361524115921053     
  0.86917484707801940     
  0.87589748740231566     
  0.44597977338531281     
  0.60588569303921291     
  0.76760134143974079     
  0.64482229751616627     
  0.51729742851165261     
  0.79231295384338585     
  0.65965956989740271     
  0.74602082356374777     
  0.68093720939978575     
  0.22252026929514315     
  0.45525654869298449     
  0.77918461018768759     
  0.35916011956976951     
  0.44896618314878023     
  0.70159985082206056     
  0.71672232337728248     
  0.73148454180971012     
  0.61998890389395134     
  0.62448331186799233     
  0.69544589446919880     
  0.38099606590966018     
  0.35492896951480274     
  0.50350823997431371     
  0.90035046588782786     
  0.69331505822354444     
  0.85318439914475963     
  0.76539582543579621     
  0.39306879994180821     
  0.35260679191327288     
  0.32163770991023494     
  0.42383641531209559     
  0.82763273632249446     
  0.52777397739103682     
  0.82035424644066257     
  0.30959503066275396     
  0.70713044293743454     
  0.79376220155395272     
  0.27911562462716916     
  0.47971489784596355     
  0.40412068579022431     
  0.84210844600079948     
  0.52059447487831034     
  0.87850529534858990     
  0.49848897705959200     
  0.51072640162456839     
  0.45686968294434932     
  0.77919634642007474     
  0.18506411487501362     
  0.44292609938768140     
  0.51201397026583484     
  0.81088799828619151     
  0.46502936456960181     
  0.79154800254111801     
  0.27324406742794699     
  0.84355091187178965     
  0.85536209522230688     
  0.23153373133067909     
  0.57638241034503601     
  0.63196512393601378     
  0.48606969298611652     
  0.67134821527821087     
  0.71685370231000156     
  0.87939566775484301     
  0.92600833163822205     
  0.59466832995136465     
  0.67368805033705925     
  0.78453537120682004     
  0.39679968925890780     
  0.46037739671417827     
  0.70648804320227421     
  0.91250426431351117     
  0.53195481636980246     
  0.28385545943804152     
  0.67124530923902526     
  0.68031099217725532     
  0.94560582951808836     
  0.88599106904886438     
  0.48345898594158715     
  0.56399506909044250     
  0.58942336035185605     
  0.68566457317200313     
  0.70254825341050886     
  0.33481434647961994     
  0.59699772856114286     
  0.72839122355133168     
  0.82952492703624037     
  0.62781507282787263     
  0.44098937375874903     
  0.72335637044799139     
  0.47879779098448882     
  0.26597439054104666     
  0.66558718894530144     
  0.84048546529316870     
  0.18399174703911370     
  0.39770882905604416     
  0.89437067952638816     
  0.42441384548933631     
  0.52110678947468581     
  0.77333746348447374     
  0.79949272948313221     
  0.71670592726419091     
  0.58929030063233601     
  0.21690764035712914     
  0.68227449084056280     
  0.29116226517631411     
  0.41238142594417121     
  0.74664192636714910     
  0.80558268750285988     
  0.51969111179610694     
  0.60882349926582024     
  0.85932010145848670     
  0.17872066642444323     
  0.68143225704656041     
  0.61272834374041962     
  0.26105822743373397     
  0.79236529037297643     
  0.34584013312491346     
  0.87787412301595802     
  0.31885873275337889     
  0.60139135289695289     
  0.54429617489584725     
  0.58139878313157578     
  0.65508508056235970     
  0.68917083516768807     
  0.22718625384647845     
  0.82705279653271735     
  0.70258499578152889     
  0.85366255431599536     
  0.45751207652723985     
  0.58641980236964109     
  0.75995589341368630     
  0.50685375312537129     
  0.54316364093786773     
  0.66637850842142732     
  0.60582551868933210     
  0.51736604129024766     
  0.45352557901653268     
  0.45748176672102164     
  0.73272710107777128     
  0.52837138262578576     
  0.41332926996077818     
  0.34519693142205155     
  0.67075531757326512     
  0.55944053771102897     
  0.46069749036157415     
  0.58152658358870646     
  0.75592129558948051     
  0.59229395847551602     
  0.68993829299640785     
  0.91568823540255728     
  0.63206516824554249     
  0.88124283337648956     
  0.77439859329446969     
  0.72139461705179353     
  0.63065554333431517     
  0.54840001028825192     
  0.47775302226082311     
  0.85763729990438975     
  0.55860737199794053     
  0.35370406801867033     
  0.83002973168621252     
  0.70572963721325066     
  0.84263626344169706     
  0.40860214060918970     
  0.71298114856270722     
  0.59467446683352920     
  0.82717421844030348     
  0.37707930198607709     
  0.42259055185350014     
  0.42457012725938043     
  0.45050815556286167     
  0.71724651627229641     
  0.30835254608633750     
  0.68515870536184686     
  0.22416269461632210     
  0.84560640488467664     
  0.22426275124812664     
  0.68391134800721642     
  0.88522179146840474     
  0.38406188692912197     
  0.20966147750761174     
  0.18056037860600901     
  0.80960607562333931     
  0.44782788085170788     
  0.47884603161829625     
  0.23474013894783316     
  0.76346178038213430     
  0.38528402102708509     
  0.23154262493825650     
  0.70089547647134998     
  0.31270306409924947     
  0.78559855058621653     
  0.86475399888163063     
  0.85410155672571497     
  0.56632752971785250     
  0.78054807760670464     
  0.28420154485918903     
