   3.5182572285848710E-007
   3.7087624883076175E-007
   4.0580954058573041E-007
   4.8812310888482068E-007
   5.5768900908367300E-007
   5.7970943252588077E-007
   5.8506087691042201E-007
   6.4896038880224464E-007
   6.9325883443069281E-007
   7.4039820273502711E-007
   7.8275629138315450E-007
   7.9772263515057668E-007
   8.6829605082779691E-007
   9.1588490100368773E-007
   9.8836522189779720E-007
   1.0060969080143464E-006
   1.0956418931060089E-006
   1.1946927222284582E-006
   1.2975811398813979E-006
   1.3521474848911276E-006
   1.4325515012811199E-006
   1.4999971296561463E-006
   1.5554739706596140E-006
   1.6607480624854758E-006
   1.7319745673910402E-006
   1.7690916728565273E-006
   1.8052945353891899E-006
   1.8777767898060169E-006
   1.9418872625864261E-006
   1.9962477772382738E-006
   2.0356242896772697E-006
   2.1563572555644753E-006
   2.2795498697705136E-006
   2.4065061762452755E-006
   2.4576713613684767E-006
   2.5014509906175958E-006
   2.5734071701404183E-006
   2.6536635485499196E-006
   2.7815832664711285E-006
   2.8587663494302401E-006
   2.9751692588030563E-006
   3.0584194300284537E-006
   3.1431007106915540E-006
   3.3234279214371416E-006
   3.4442872716336589E-006
   3.5092231885890403E-006
   3.6486134893704962E-006
   3.6670671734037910E-006
   3.8501728702764496E-006
   3.8821361928145794E-006
   4.0426807891119777E-006
   4.1701998254548736E-006
   4.3482329428161277E-006
   4.4038367499209691E-006
   4.4867341107306549E-006
   4.6166481190376215E-006
   4.8662502178146378E-006
   4.9052204856142790E-006
   5.0849025622043323E-006
   5.2276869317557711E-006
   5.2724097028914983E-006
   5.3387164771298372E-006
   5.6671399108969135E-006
   5.8807965317074774E-006
   6.1564646104400713E-006
   6.1772940144087974E-006
   6.2090726409498977E-006
   6.7958696101854893E-006
   6.9088502622199323E-006
   7.0070612817224080E-006
   7.2214748940761432E-006
   7.3335068560197516E-006
   7.6322001950967696E-006
   7.7623926223992406E-006
   7.9645172649845586E-006
   8.2100005293219385E-006
   8.3615880670763530E-006
   8.6407114698964591E-006
   8.7588899052027723E-006
   9.0505511747884830E-006
   9.4194713728239175E-006
   9.5059708620392520E-006
   9.8434158420396379E-006
   1.0029692586271071E-005
   1.0251275287400178E-005
   1.0600692332233054E-005
   1.0783853880994979E-005
   1.1196084102274149E-005
   1.1256251788533091E-005
   1.1653537340602030E-005
   1.1772771028956971E-005
   1.1907634624359928E-005
   1.2341151431525040E-005
   1.2834892914149842E-005
   1.3176615796823038E-005
   1.3222325844693885E-005
   1.3667073416408579E-005
   1.4304569372159972E-005
   1.4460018949188180E-005
   1.4662769042258363E-005
   1.5320659232507080E-005
   1.5392348559660628E-005
   1.5555090624739568E-005
   1.6281314244468739E-005
   1.6462989034201518E-005
   1.6786111399465490E-005
   1.6960406302353636E-005
   1.7245774201252225E-005
   1.8030546659282913E-005
   1.8186782459616097E-005
   1.8232384070097890E-005
   1.8793444815832091E-005
   1.9117377782037990E-005
   1.9880033251805754E-005
   2.0533980023003984E-005
   2.0842199488791478E-005
   2.1223878707262768E-005
   2.1499438222426509E-005
   2.2069858523749408E-005
   2.2260566452630025E-005
   2.3168804840900363E-005
   2.3328198779090093E-005
   2.3944034032596863E-005
   2.5039627157115291E-005
   2.5409888770818999E-005
   2.5793112630434579E-005
   2.6553292505956991E-005
   2.7062274506936882E-005
   2.7395996726595290E-005
   2.7986752379518319E-005
   2.8254384921595301E-005
   2.8597777757777026E-005
   2.9644074210456407E-005
   3.0209508802149919E-005
   3.0748197098749293E-005
   3.1674515352197896E-005
   3.2338291181978737E-005
   3.2817182746787478E-005
   3.3730238662329283E-005
   3.4036394654591692E-005
   3.4671626682654914E-005
   3.5427790497316150E-005
   3.5785678802873906E-005
   3.6333794612111867E-005
   3.7045950658332290E-005
   3.7923153099078184E-005
   3.8514019450824724E-005
   3.9182469554356923E-005
   4.0462995576365353E-005
   4.0532984695782498E-005
   4.2088354875007019E-005
   4.2501996495719368E-005
   4.3566128597375786E-005
   4.3776693925661767E-005
   4.4310897454093090E-005
   4.6231074588756970E-005
   4.6539930809440914E-005
   4.7809966716416393E-005
   4.8683465217629374E-005
   4.9351233333954062E-005
   4.9862709858229033E-005
   5.0609351926530828E-005
   5.2567975698481102E-005
   5.3187458774269934E-005
   5.4355465882252925E-005
   5.6104253634035917E-005
   5.6498293253923620E-005
   5.8228420797645676E-005
   5.8535136769191771E-005
   5.9457867023515581E-005
   6.0475959852312635E-005
   6.1082549448025213E-005
   6.2304543872329109E-005
   6.3694200349485283E-005
   6.5659340332369399E-005
   6.6219884017796720E-005
   6.7356134451242996E-005
   6.8328918779159606E-005
   7.0782541453991697E-005
   7.1707115726354900E-005
   7.2824891000305172E-005
   7.4646347321501600E-005
   7.6331873275194641E-005
   7.9671931793942694E-005
   8.1130411232355125E-005
   8.2425223192655626E-005
   8.3545990070721263E-005
   8.4625653334515567E-005
   8.6258690849122998E-005
   8.8367044121301057E-005
   9.0297105066606409E-005
   9.0463088848957804E-005
   9.1473927871920285E-005
   9.3153412911354828E-005
   9.5583193294438462E-005
   9.5849092085515140E-005
   9.7636829490024924E-005
   9.8540986713312282E-005
   1.0139183747782581E-004
   1.0294936911302149E-004
   1.0564740561392605E-004
   1.0799437258701508E-004
   1.0997204670787204E-004
   1.1132070502043656E-004
   1.1337890782572483E-004
   1.1547880638883171E-004
   1.1642910068551229E-004
   1.1722617539837329E-004
   1.1830169499231687E-004
   1.1996898857583460E-004
   1.2044445605877397E-004
   1.2317506170549483E-004
   1.3095733076792576E-004
   1.3118268548192454E-004
   1.3398682269933341E-004
   1.3560168684977723E-004
   1.3919341672716227E-004
   1.4115423218089782E-004
   1.4175764908356473E-004
   1.4556342658407696E-004
   1.4723097053963481E-004
   1.5345180129815511E-004
   1.5410298969128713E-004
   1.5748574909096551E-004
   1.6118517061278860E-004
   1.6274009758491034E-004
   1.6708828783399381E-004
   1.6835350741626801E-004
   1.7359881778868284E-004
   1.7496088686335152E-004
   1.7717379168814230E-004
   1.8289708917295006E-004
   1.8472528643140529E-004
   1.8535833814088972E-004
   1.9093864683566368E-004
   1.9509696962744652E-004
   1.9631013062899433E-004
   1.9961428285587645E-004
   2.0094818735720430E-004
   2.0749138166565283E-004
   2.1355235671011256E-004
   2.1742105694788879E-004
   2.2027538697773125E-004
   2.2395767079222645E-004
   2.2758554870394451E-004
   2.3044489105579309E-004
   2.3095708553448025E-004
   2.4014562924334508E-004
   2.4665142068149861E-004
   2.5084790225002036E-004
   2.5256704425478992E-004
   2.5809251940713804E-004
   2.6277907740015821E-004
   2.6522282786210630E-004
   2.7033415043573413E-004
   2.7467557785435263E-004
   2.7631820174901474E-004
   2.8434265980491354E-004
   2.9269525322700408E-004
   2.9605846566219048E-004
   3.0103973056321069E-004
   3.0331212750124483E-004
   3.0489654111703614E-004
   3.0914821159187133E-004
   3.1781210525145095E-004
   3.2419299439717230E-004
   3.2971405736560423E-004
   3.3779130617182139E-004
   3.4139759749862361E-004
   3.4828520730409451E-004
   3.5422935121005899E-004
   3.6052994338344325E-004
   3.6389000743495734E-004
   3.7070044329090470E-004
   3.7220737206657107E-004
   3.8033485398773889E-004
   3.8839111507625080E-004
   3.9939298978097472E-004
   4.0265757883347741E-004
   4.1766103301539147E-004
   4.2460518640794701E-004
   4.3133413349280927E-004
   4.3232485539290271E-004
   4.3982775317391858E-004
   4.4784180504859472E-004
   4.5387744541004450E-004
   4.5917034124719891E-004
   4.6240405989739821E-004
   4.7461712517025051E-004
   4.8030547121312607E-004
   4.9747943091046952E-004
   5.1072228997256779E-004
   5.1606037113747605E-004
   5.1667777656207083E-004
   5.1957436238279063E-004
   5.3706430322414487E-004
   5.4454566049458157E-004
   5.5358237890112635E-004
   5.5999793416388645E-004
   5.7609088825740320E-004
   5.8970418056918648E-004
   5.9732757232048368E-004
   6.0070422284194745E-004
   6.1325153105256899E-004
   6.2163792091323854E-004
   6.4108316953108240E-004
   6.4724616591510888E-004
   6.5335078852921601E-004
   6.6938199820756482E-004
   6.7542846853712538E-004
   6.9262057905522762E-004
   7.1655263718383366E-004
   7.2186523303465670E-004
   7.4180322809095755E-004
   7.5985454628974187E-004
   7.8576372468736142E-004
   7.8788793028703016E-004
   8.0253346695176309E-004
   8.0901896829263975E-004
   8.3120631310435508E-004
   8.4613918293040540E-004
   8.7715304243742573E-004
   8.9868142575567076E-004
   9.0164797999615865E-004
   9.0862410546377933E-004
   9.2182402348045024E-004
   9.2964929503291157E-004
   9.4176523773340892E-004
   9.8036436713284979E-004
   9.9485319610399608E-004
   1.0209100623286532E-003
   1.0448356987246474E-003
   1.0499511305440657E-003
   1.0844598317938346E-003
   1.1100006405101916E-003
   1.1142879042438973E-003
   1.1330167376162211E-003
   1.1579592371058973E-003
   1.1712971843727995E-003
   1.2074634673063167E-003
   1.2171564338763208E-003
   1.2301560631418768E-003
   1.2432667076678640E-003
   1.2854260295843854E-003
   1.3068553751777738E-003
   1.3192164978255347E-003
   1.3298787710425241E-003
   1.3357230859126824E-003
   1.4167965376975880E-003
   1.4292854637916056E-003
   1.4326699357502777E-003
   1.4517897704430308E-003
   1.4909153163510499E-003
   1.5356510319220959E-003
   1.5395883496363209E-003
   1.5577602345773621E-003
   1.5729487556661152E-003
   1.6156018467509499E-003
   1.6330001641005037E-003
   1.6605428373533777E-003
   1.6792093859028790E-003
   1.7158500453366070E-003
   1.7379313252614927E-003
   1.7579685603965457E-003
   1.8061938486600990E-003
   1.8327038621141567E-003
   1.8613087755327696E-003
   1.8781570576954581E-003
   1.9239676704144565E-003
   1.9461752057846277E-003
   1.9837195001912804E-003
   2.0112179341417393E-003
   2.0509447537648286E-003
   2.0778655542623937E-003
   2.1348693570303434E-003
   2.1493460667586116E-003
   2.2381856296679755E-003
   2.2596922393177043E-003
   2.2921661834717304E-003
   2.3647639886095590E-003
   2.3929814274012903E-003
   2.4167198382033014E-003
   2.4438913679145566E-003
   2.4553162742096167E-003
   2.5348802062764146E-003
   2.5647562641280216E-003
   2.6105123715001195E-003
   2.6463696130422862E-003
   2.7176626860577436E-003
   2.8097207305538218E-003
   2.8985668837301025E-003
   2.9235036275861463E-003
   2.9594332776330967E-003
   3.0240150527370037E-003
   3.0644019521346433E-003
   3.1438401579660532E-003
   3.2316495445946372E-003
   3.2428514452727286E-003
   3.3086119418380766E-003
   3.4140956731901952E-003
   3.4581498849929268E-003
   3.5250337920618327E-003
   3.6159248042556902E-003
   3.7891943772748113E-003
   3.8256315304913244E-003
   3.9220790908395314E-003
   3.9764878260514823E-003
   4.0062582694387729E-003
   4.1620779987613177E-003
   4.2290538037949013E-003
   4.3643250402188964E-003
   4.5050399589405613E-003
   4.5521218739002448E-003
   4.6196183649835207E-003
   4.7797614687613826E-003
   4.8993318502613768E-003
   4.9789052710923253E-003
   5.0369522693617438E-003
   5.1115815091928654E-003
   5.1723909937590627E-003
   5.2626871708608908E-003
   5.3644988162272339E-003
   5.4667893547005065E-003
   5.7657531978350758E-003
   5.8231207318278216E-003
   5.9545350616453377E-003
   5.9842633229120904E-003
   6.0548787784966739E-003
   6.1433863424187720E-003
   6.3679421146835566E-003
   6.4172366567150285E-003
   6.5183171794787531E-003
   6.8000702161767823E-003
   6.8484097783984774E-003
   6.8731446624616293E-003
   6.9606067983451064E-003
   7.1311209204506674E-003
   7.1845501984397113E-003
   7.3721691609167032E-003
   7.4729127586912296E-003
   7.6784112582733025E-003
   7.8568217922715365E-003
   7.9165911626543732E-003
   8.0501412997319097E-003
   8.1569328877335069E-003
   8.2887976736725367E-003
   8.4781136733129963E-003
   8.6945240848290313E-003
   8.8104540966155651E-003
   8.8693091451087971E-003
   9.0385477826329334E-003
   9.3131566236129976E-003
   9.6895416874735671E-003
   9.7511939150836027E-003
   9.8358336812389060E-003
   1.0192157150233654E-002
   1.0277078906665483E-002
   1.0312220119536282E-002
   1.0518512196949699E-002
   1.0670572349238896E-002
   1.0898088495218235E-002
   1.1102339071689090E-002
   1.1372579680029079E-002
   1.1521733847969498E-002
   1.1710161429824341E-002
   1.1954134046596569E-002
   1.2209973239665559E-002
   1.2335163308899562E-002
   1.2904563571454633E-002
   1.3429901233037585E-002
   1.3892102816270494E-002
   1.4011648009588609E-002
   1.4641457654737121E-002
   1.5120546895394226E-002
   1.5342279810813066E-002
   1.5842744116160139E-002
   1.6137842769549021E-002
   1.6557764421962346E-002
   1.6699535904890622E-002
   1.7414039619359112E-002
   1.7617921229243334E-002
   1.8234852941652009E-002
   1.8471327775811456E-002
   1.9002891609839572E-002
   1.9896723114314712E-002
   2.0376661349948914E-002
   2.0644098119055973E-002
   2.1032768600274077E-002
   2.1187830726982503E-002
   2.1719831818431810E-002
   2.2502268590608148E-002
   2.2793986932473680E-002
   2.3261496212701474E-002
   2.3730780070478862E-002
   2.4675341696074830E-002
   2.4943701216427281E-002
   2.5255326743944331E-002
   2.5878815057682986E-002
   2.6742728793309894E-002
   2.7659071482666470E-002
   2.7976377679811405E-002
   2.8906154648579117E-002
   2.9067469842383543E-002
   2.9343869951951870E-002
   3.0240967632325179E-002
   3.0649844954327186E-002
   3.1119834642095504E-002
   3.2102352596817221E-002
   3.2405032241667214E-002
   3.3240425656473879E-002
   3.3821341555690075E-002
   3.4367790850260607E-002
   3.5266191225753592E-002
   3.5481807020550607E-002
   3.6431025143612628E-002
   3.6849067089954383E-002
   3.7490101289485322E-002
   3.8402807848598147E-002
   3.8708468139625710E-002
   3.9715080662259303E-002
   4.0749667101257027E-002
   4.0845266675205945E-002
   4.2926574444452102E-002
   4.3501729422713055E-002
   4.4901403235742356E-002
   4.5830698619072380E-002
   4.6003985862157599E-002
   4.7107051070622602E-002
   4.9165487491490023E-002
   5.0831666207906127E-002
   5.2278825071009630E-002
   5.3566413381106029E-002
   5.4518292027355295E-002
   5.5937405380965741E-002
   5.7089348438190052E-002
   5.8800206751964151E-002
   6.0507737123232236E-002
   6.1545881529376269E-002
   6.4326754016729160E-002
   6.5017948562337988E-002
   7.1071034665863148E-002
   7.3453632108206587E-002
   7.4959175980256962E-002
   7.6767886018322240E-002
   7.7879297910515816E-002
   7.8972139874118857E-002
   8.3539074985841358E-002
   8.4921297988670208E-002
   8.6752974823217963E-002
   8.8281029430393218E-002
   9.1710272194205369E-002
   9.2808912399166998E-002
   9.4605421187208855E-002
   9.9692705380188693E-002
  0.10403468737784428     
  0.10570478010448286     
  0.10658240314169762     
  0.11012262689167129     
  0.11299376922238413     
  0.11464342517720603     
  0.11761515857666127     
  0.12084380018991295     
  0.12262290324915452     
  0.12477432579282353     
  0.12695293101571187     
  0.12851359842531287     
  0.13176999834896147     
  0.13425707619398802     
  0.13886057927358239     
  0.13928961011900903     
  0.14282658496646586     
  0.14554391430248981     
  0.14898403262260540     
  0.15379796804441770     
  0.16050862495740051     
  0.16354175654822156     
  0.16697828204494597     
  0.16874312857543000     
  0.17779296128474059     
  0.17950059898519252     
  0.18394906227097196     
  0.19329779147491594     
  0.20510202626792642     
  0.20952967225056102     
  0.21133637935701255     
  0.21972924374021408     
  0.22964635027699376     
  0.24339891801522417     
  0.26134555340432664     
  0.27334862549172373     
  0.27667743936051092     
  0.27882500916938818     
  0.27904297281622570     
  0.28732531770959563     
  0.29941613594925154     
  0.30266549620113187     
  0.30723942642951918     
  0.32736674163255741     
  0.33204459312246409     
  0.34552930847529761     
  0.35152919146750500     
  0.36239993145661253     
  0.37225021223056765     
  0.38087298994738455     
  0.40979985137837360     
  0.43369778110932206     
  0.44443752839056666     
  0.45369919984954710     
  0.46097145430086039     
  0.46739815821448383     
  0.47641730733583493     
  0.48912454568572217     
  0.49532924708248055     
  0.50596430600399189     
  0.51966575528747705     
  0.52488728840460630     
  0.57693051090951963     
  0.60112656141701415     
  0.61581224261334677     
  0.61850122019031073     
  0.64591683621410256     
  0.66338353336339162     
  0.68590858142632927     
  0.72729776046725336     
  0.74563506516940392     
  0.81369089322250288     
  0.83351603206821634     
  0.84241506659443155     
  0.84563140520375324     
  0.90318561861092428     
  0.90824846694045924     
  0.91146563510587364     
   1.0081610312766101     
   1.0254165268639086     
   1.0511624680660732     
   1.1469260780348658     
   1.1608813876681892     
   1.2870910487652005     
   1.3406326492433589     
   1.3904344029589124     
   1.4454135501804759     
   1.4663961048685095     
   1.4682933137335130     
   1.5035006739216383     
   1.5651959707178278     
   1.6525290985055161     
   1.7245642797311460     
   1.7440276038102327     
   1.8103736480781918     
   1.8701610139988474     
   1.8768692511973246     
   1.9494655411450854     
   2.2178922955731384     
   2.4162501131967180     
   2.4432301055628440     
   2.4592506169147166     
   2.5014155663817177     
   2.5890976962624959     
   2.6852368074540762     
   2.7660010179814445     
   3.1899002522370021     
   3.3222824014554733     
   3.5294702214674443     
   3.8111552313822861     
   4.1412944412856438     
   4.2265279416514847     
   4.3188416429670502     
   4.4407381708890572     
   4.9062040372115785     
   4.9476300062506144     
   4.9890115782331330     
   5.2888983841631383     
   5.6813864172122361     
   5.8812447364158151     
   6.1446321893789149     
   6.1791272080011108     
   6.8185608192009672     
   7.4532430113766255     
   7.5487081739744699     
   9.9554653155469399     
   10.497541429541776     
   10.920562786289345     
   11.322831797817633     
   11.478806269926904     
   11.975747484172000     
   13.498741044800992     
   13.556000907046801     
   14.127789956286373     
   15.027844707406095     
   18.251416278238938     
   23.673219570733913     
   24.348359223178285     
   25.644993031379084     
   27.446533282451778     
   27.724645406819604     
   31.733857229467425     
   45.788900443011890     
   48.151951906187804     
   51.219350089121463     
   75.176569514304731     
