   1.7409595111117468     
   1.9978814045857611     
  0.35665393121758032     
   2.2219579542329173     
  0.47671644329355783     
   1.8023891886610153     
   1.9600578533360513     
   3.0593934172460702     
   2.6708898177867710     
  0.61222012392217096     
   2.7529790935402296     
  0.78275380952644880     
  0.60377484688803296     
   1.4652169462690985     
   2.8142149151871863     
   1.3251279261182376     
   1.9400768240314121     
   2.4163774193649683     
  0.51878782830370052     
   1.5301982805235761     
   1.3782765934831878     
   2.9513306386827809     
   1.4292961407455662     
   2.2904027000841221     
   1.1208756519398213     
  0.72384872690115587     
  0.84045352661323269     
   2.1809506883277816     
   1.2926028698285246     
   2.8099267416766973     
   2.5485272372578804     
   2.0569178946991649     
   1.3102095761307986     
   2.6880982337571044     
   1.1889445776646272     
  0.84350193293256115     
   1.7500628884805354     
   1.7942478675614093     
   1.3855681762636423     
   1.4253550726224982     
  0.85532023109976574     
   2.8643085376971813     
   1.0822535473673385     
   1.4370099532163545     
  0.30692349891696824     
   2.9852472573995312     
   1.0012621887603921     
   1.8495495541121452     
  0.88404927933385502     
  0.37079814512046055     
   2.5040573966651882     
   2.9134881783223143     
   2.1880756678455939     
   1.5108839575057811     
   1.9497921295754219     
   2.3279796812877183     
  0.23721046722418648     
   2.7202723237015665     
   1.7669377738121648     
  0.94954737948241064     
   2.0535141906247643     
   2.3153935351155037     
   2.9930946691307372     
  0.34467383042286692     
  0.72651952347548676     
   1.2631142045994292     
  0.47558903417627268     
   1.9122589750971937     
   2.2652913032383029     
   1.9096554714572820     
   1.7416571531702407     
  0.90979110978239219     
   2.7080263027116467     
   2.1112153374885678     
   1.1366782484755920     
   1.4777498581030637     
   1.1781022976876869     
  0.36411156993433258     
   2.1943789913331018     
   2.5499162257290768     
   1.1073974091935221     
   2.1800184569906533     
   2.4231992269216218     
   2.0669410670862991     
   1.6588786587073909     
   2.8441014091879162     
   1.4020964672771599     
   2.9454842238483172     
   1.4705831234234716     
  0.45874508165256800     
  0.48797446802650957     
   1.2962159869253431     
  0.86564012057469775     
  0.76015527360067647     
   3.0575073613600727     
  0.25797753393096529     
   1.1266125029085516     
   2.6086464511262095     
   2.9186438668782508     
   2.4769259907325707     
  0.58939589556490479     
   2.9414190918292853     
   2.2250421186387577     
   2.1205705180708865     
   1.0682089566260125     
   2.8766753595536616     
   1.9454291773676684     
   2.3357767559932774     
   2.2087601575904525     
   1.6198888435161947     
  0.47846944173015926     
   1.1022863601174264     
   1.7816585848242676     
   2.6710981686987800     
  0.57981363845633838     
   2.4187617666137582     
   1.4767269616761218     
   2.2837763071302746     
  0.36068454115312831     
  0.30340951838500430     
   3.0859833036087791     
   1.4643987390716049     
   3.1352079605404093     
   1.7209407334511639     
   1.2327731763392173     
   1.1510884247427176     
   1.6176284967093306     
  0.54807302645693257     
   2.6208972948559204     
   1.7266140616574444     
   1.9971889630960100     
  0.48898773026192877     
   2.4954547666830948     
   1.1838786307022062     
  0.94311573543775962     
   1.8310870122817737     
   1.4630220501393500     
   1.3144901381866128     
   2.7376843076765351     
   1.5325929298074614     
   2.6497944849598092     
   2.2896274095888942     
   2.5059275687069369     
  0.75628784480878253     
   1.0967876129447882     
   2.2293769309914344     
   1.9126317513716298     
   2.1141412908409092     
   3.0121451227262042     
   2.9570914906669676     
  0.92271326674321430     
   2.7038870126057537     
  0.92087439813192051     
  0.88975068038977878     
   2.0040497459025031     
  0.84361001753606946     
   2.9674308056419849     
   2.5295452752980592     
   2.1643629199499972     
   1.4718595806126493     
   1.0491458968441196     
   1.5631451453648437     
   2.8034345710397686     
   2.7421493411407636     
  0.66078416875788848     
   1.8120142317996155     
   2.0530931078705668     
   2.9340189571843012     
   2.1866107919516158     
   1.1219211550743486     
   2.0907782597898268     
   1.5242868157019400     
   2.9691191784944357     
  0.90463673766957731     
   1.4475901436864929     
   2.9009831646672892     
   2.2618583882181040     
   3.0771006191913854     
  0.19950751386409013     
   1.4474526028593826     
   1.8816498655766527     
  0.94037010287466594     
  0.82862795161520020     
   2.8288275453105083     
   3.1104870655993149     
  0.80504262137657201     
   2.8396730168421582     
   2.0536739145202287     
   2.0613880821074280     
   2.1021311709273465     
  0.54118209040552012     
   2.6914016962559044     
   2.3410032624839472     
  0.63495754421899830     
   2.7358395444066517     
   2.7364006192106580     
   2.3802711281159779     
   2.8093515983322721     
   2.1916064824149295     
   1.4461640558005746     
   1.6419554673551626     
   2.6908914768802634     
  0.83459883305818439     
   2.6511156156168045     
  0.99414726936651510     
   1.1832844468965089     
   1.3645635991428868     
   2.2083343525956147     
  0.90596936585674670     
   2.6422226852974147     
  0.63261132035674617     
   1.8085291257744465     
   2.0489563442873884     
   1.2516865165357207     
   2.3062126282158788     
   2.6411829652030572     
   2.0274963858982811     
   1.2938073674250152     
   2.6455105466562499     
  0.57383392221245066     
   2.3642528636521827     
   2.1488385482016783     
  0.81545451716090578     
   1.3756114839251452     
   2.6831842177616703     
   1.1946295340095725     
   1.3646616177786333     
   1.7354826002682511     
   1.5038523202816634     
   1.8126901075137729     
  0.94357403874500845     
   2.3985704896971773     
   1.7033512890826938     
   1.1688606111980737     
   1.4828746145315963     
   1.8349462648786665     
   2.6441522730547842     
   2.0847119127550586     
   2.3564896960222232     
   2.0893953160680918     
   1.5787509412101814     
   1.4838315161233211     
   2.4433951486134458     
   2.2179922345962448     
   2.5505192829714374     
   2.3597940424793209     
   2.2101473776395197     
   2.3179971137484205     
   1.7872339056498838     
  0.50115424447381474     
   2.0279352625292528     
  0.88519720632668453     
   1.9952682111118831     
  0.46835656940199144     
   1.7735447752195193     
   1.5277791247973398     
   2.6097193860113732     
  0.91336039353261711     
   2.7056653396830668     
  0.72434483630882207     
   2.9845600785551962     
   1.7656828237399029     
   1.8243694954867278     
   3.0444814538135319     
   1.5496587935229968     
   2.7467860340658135     
   2.6623657054432002     
  0.10647266434481267     
   2.7716428922924536     
   3.0013548825492982     
   3.1336406669703263     
   2.9606633029222347     
   1.5675489398037075     
   1.3785704751346111     
   2.8074917722878143     
   9.3072295144666042E-002
   2.0172828750857792     
   1.4809390217769329     
   3.1119661024062815     
   1.6858151454180015     
   1.7773086161786169     
   1.9376019742058215     
   1.4401649549519782     
   1.7584507568273227     
  0.61870735878636185     
  0.46385825307353573     
   1.6196463673207424     
   2.3563470705986438     
  0.60902907309234566     
   1.3198043449278538     
   2.7830323968927067     
   1.0864134544336137     
   2.4992969477823381     
   2.7045199854514803     
   3.0658221700910224     
  0.75074581181713884     
  0.33217667194323608     
   2.4610957970484701     
   2.8482004651615633     
   2.0642745387368167     
