   3.2947762965311500        3.1654102443905257     
   2.2154125024773808       -2.1109834857814933     
   10.147148042476640       -1.4077873277532040     
   3.4956725655420411        1.0183526870382500     
   11.338847120754410       0.28809870383688674     
 -0.60247646787966236        5.4309379438362999     
   4.5294021912751035      -0.34206213883435010     
  0.20255861334890524        1.1368302018749064     
  -1.2708417185941863       -1.2482348268024066     
 -0.22619111632505629        11.473685033702905     
  0.84539724656129911        2.1230438110324292     
   8.9540701100045617      -0.69158503153256090     
  -2.1959668363959945        6.1308857912930286     
 -0.29014510732089649        6.8624567071301250     
   1.8402442105857015      -0.58613460745383428     
   4.2373600225169223        3.4917581182187472     
   4.6275735941363152       0.14212759108149919     
 -0.43415579103697421        3.4699067384114159     
   1.7617573688682096        10.083319944117974     
   2.9466474876380890       -2.3558590116840099     
   3.2211660105515443        4.4417896532834558     
  0.26353408985119442        1.6299471021272720     
  0.29284453868900950        7.0134240050311671     
   3.4336369874029296       0.70697161957818055     
   4.9950288486319252        3.3605196088390019     
  -3.0274193361067168      -0.49578322140159381     
  0.62391703549780075        9.6855091176311685     
   3.8938740623081336      -0.16778267966660776     
   1.8770469908015301        6.2704273020224903     
 -0.48103580760140252        2.0896964663643112     
   2.6816060720185173      -0.59394712734199384     
 -0.40510721560486562        4.6682348265459250     
   6.0362850969199293        1.5600859520080506     
   2.2903770332123767       0.55818171133292394     
   1.6441671503626520       -2.9535026402494049     
   5.4204286937854675        3.8431593552070429     
   4.6736601711536547       -1.1317633105357077     
 -0.41599514962069062        5.5687349290024226     
   6.2209551294148717      -0.78407573631158778     
   5.9572144049367246        1.1117678824195596     
   7.1144200549495444        2.2438026078630018     
  0.82434799569588124        1.6994972555724606     
   4.1826876619890605        4.3494513071955119     
  0.88255005762674577        6.6641471399005123     
  -2.1657137198810914        7.4645790634416862     
   1.3043152214038964       0.39308653973311847     
  -1.3721979165687404        7.4001670159207578     
  -2.3495647371827966       0.88861480376933022     
  -2.9652386624697673       -9.7684888305414219E-002
  -1.2899400039533164        11.082740776680394     
   2.9471873646882822        2.1407116955343142E-002
 -0.66073418887471203       -1.1948189293792297     
   3.6169324862415784       0.97615732393294463     
   3.8852635014489967        3.2663525935994415     
   2.4553299348683200       -2.0771538861842487     
   2.1277383728337722        2.4725941071902207     
   1.7149274835287911        12.229198100576873     
   2.1416434839134104      -0.60591119954341544     
  0.20314153864091411        5.7404725123741294     
   4.3790504018886960        4.5754670767570023     
   4.2573530060224520      -0.28488119760985997     
  0.89835901398715334        3.5890590525269137     
  0.36356637044644202       -1.1182604622811056     
   1.5893277356355671        11.629374586153279     
   8.6804567314455277        1.3886423241034600     
   2.7660065203160573        5.3537196567033227     
   7.6537690714696769       -1.9714012322976577     
   3.1074035308311303       -1.8409749479311628     
   1.6954523935760002        3.1238849634734343     
   3.7764011058629738        2.0002575117938517     
   3.6960612679491027       -1.7985737112788898     
   8.2806070431764223      -0.70826087375712277     
   2.0980789223289160       0.86534931414930805     
   3.7584760638006816        1.1398853047658704     
   7.3797805696223957       0.58395780970742495     
   5.8023931508705537      -0.89131749891075884     
   6.8144235655501451      -0.98509053724265527     
 -0.25905176023598298        13.724435201427593     
  -1.6285664654525573        2.5755336896001313     
  -1.6500002737492419        1.0389974369463855     
 -0.72447725708159760       -3.1211484607581044     
   3.5911223248745761        1.0729820291961203     
  -7.1673055246288531E-002   3.5388440912958674     
  -2.0581094166865652        1.5785435116015694     
  -1.9951198303561586        3.2944698234545124     
  -1.3413963310158430       0.29514058309567615     
   5.1612957661019063        2.2176690759320343     
   1.5007414930088632       0.23868078221764710     
   6.1777071262318088       0.24796060131497555     
 -0.12917065954478302        12.827751837547815     
   3.5798075816259680        7.2624797921853386     
  -8.2643943793425656E-002   7.6227457358429529     
  0.96269626741190217        9.2147036143643302     
   7.8022275275704605       -1.4615621382345623     
 -0.10796317879511186      -0.96045142421546181     
  0.90363104067028432        13.970039638250629     
   4.6211755204910165        3.7318084762667776     
  0.43022717105093511        2.8463359466093139     
   1.5882409942809290       0.29999552236233562     
  0.38886974636404048        3.3005865144054618     
  -1.4232961865750355        9.2391226380835363     
   1.5236977933701721      -0.18812118037520476     
   2.4220866868300015        2.5072064652777022     
   2.7550021614178912       -1.7023984184108272     
  0.46156799373263757        8.5695617290166304     
   1.2455591208990993       -1.0123718776481949     
   4.6119861332491858      -0.12795977681835558     
   2.7061597917430453       -1.3168144753901809     
   2.7501001941114898        2.1781814600836324     
   5.6641814517647617       0.16869288623127066     
  -1.8851199437936796        8.0169700220174445     
   5.8719721601500900        2.5359464457832694     
   3.8215411245974455        2.4165957574213013     
 -0.41508436556064376        2.6235738497422179     
 -0.24876094201825527       -3.4471002487618447     
  -1.6554799698532139       -1.2648533858556066     
   5.8779155253477988E-002   6.8639969443178117     
  0.16706431403267086        3.9862417037232443     
 -0.96406363439353404        12.309012045744401     
   2.9999561354111592        9.0607203454058531     
 -0.24719546703154816       0.96679130079359910     
   5.0010014045395650        2.1711951667325367     
  0.52999345533387121      -0.32663920569173310     
   3.8502925491843674        2.5962770321901387     
 -0.35625419311656037        7.8260791135144530     
   7.1341416802608570       0.90840413618558946     
  0.63572397778493572        6.1283053146904809     
   10.823930204907949       0.15527173911216696     
   1.0038062821633429       -1.7026576960854645     
   5.2673061226145492      -0.35294845898689076     
   4.4195509411582634       0.34633387113532832     
   11.294215355916537      -0.13083461111340888     
  0.39866669271013677        3.2361386649538137     
   6.2685284954735891       -1.3619522511439728     
   2.2903084286209441        7.1549149673135783     
 -0.60251971434436236       -2.6407599486695519     
   3.3096050363697196        4.0630025048754295     
  -2.5767129499657919        1.8569727576040749     
   1.6858105338244695        1.3660714783028500     
   5.3077219109051921        1.5176765238709717     
   1.0445784808737417        2.3582796603756093     
   1.4049435911353352        3.3011857166293255     
   2.6080468742308578      -0.91389824115614449     
  -1.2508606881006230        8.8635104275091923     
 -0.70973754419724955        8.1691532464455268     
 -0.49904562649209128        4.0517309251126559     
   4.3894105387020943        1.0770800363587969     
   1.1945356988928251        4.0449142053905103     
   3.7064591843221084E-002  -1.1116574129952950     
  0.86527139105017215       -1.0120943937134572     
   8.1978312813871330      -0.72898559671004248     
   1.9730446054956938      -0.92493033983188866     
   3.6455480994585350        5.5138356643076989     
   8.6695682880347391      -0.24843309503795208     
   2.2550411171348372E-002   4.9299607052021237     
   8.8988863722305567       0.31100331318228269     
  0.36056769121873478        1.5267663360057875     
   2.1172080990138924        1.7222747562703771     
   6.4679352606139773E-002   4.3903590728876480     
   4.8997641368209059        2.2607297728157563     
   5.5243361482162712        3.0629580247673238     
   5.3261535162806677        1.3512207504999929     
   1.7650661153006308       0.88913564747848506     
   2.2129846646046105       0.13226890049098561     
   3.6826711493475215        6.4263900398854936     
   1.9989850739066415       -2.3791201828089208     
   3.6259752221699837       -1.2502853817409685     
   1.0651384102928794        1.1581472200410023     
  0.53542856510617698        4.2010093436707265     
  -1.3657528854817655       -2.9492978521143081     
   2.9492135215642681       -1.6435790271539403     
   1.1630713490269522        6.1066434911571275     
  -1.1056784774018604        8.4976790491014143E-002
   7.5798722906095879        1.6209089829583614     
   3.7340458999521995        3.6422743025441817     
   1.0054321070497552        1.3845159221955234     
   3.2424810775368891       -1.0250169408502390     
 -0.34817451119031340       0.96534309033356225     
   2.9946311820860489        9.6491872444386342     
   3.3748510934233393       -2.2937026947987782     
   2.1512900647471835        3.9414533813081847     
   1.9664454385709802        7.5953197015627421     
   9.0358589809485022       -4.4192573272017643E-002
 -0.85859944480937189        1.6712871806617078     
  0.66341088160975437      -0.39759298488453210     
   1.7429347696679662        8.5315525831901979     
 -0.93463197091119055       -1.1849015697404970     
   2.7867072838814582       -1.7909337277267259     
  -2.0844067526590404        1.4761712255120556     
   7.4115571092613131E-002   4.5969603436083730     
   1.2250627681775916        10.858536606269208     
   1.0322319152696378        2.2163829149017205     
  -1.9597666617355178       0.61819800089018040     
 -0.62545697116885624        10.909017585336784     
   1.6002797727129559       -1.1647757732480688     
   2.2046688030038513       0.31142918641228468     
  -1.4741713054867205       -1.6095752745003389     
   1.2989299122508169       -1.1764637519659726     
   3.7758029473310786      -0.51214982842948586     
   5.9659782638315271       0.97941387497095311     
   5.5484143780476689       0.37988732846850359     
   1.6832626205829553       -1.2238688299399643     
   7.8700373612513150       -1.2612696530134060     
   1.9468676161298233        1.4173665519341276     
  0.95936402028368084        8.5489516480109486     
  -1.9356312091242609       -2.5788395689757406     
   6.0897080534520729        1.2356096202007154     
  -1.9965919067187248        1.2192492181897934     
  -2.9394211058599131      -0.51009542208397551     
   2.3512648866012351       0.77170474165204572     
  -2.3243030042678110        5.4395840443966268     
   3.5867816588780452       -1.7527008410880549     
  0.80639492103925692        4.5215852369971774     
   6.9067308574375215       0.57954471491087167     
   3.3901796522309886      -0.61910218692087460     
   2.5073344152483883      -0.27150869107854803     
   3.5660414889037875        1.8162229217409060     
 -0.88637404314109913        7.0794539209868397     
   2.0330249576394785       -1.0620830281703766     
  0.95320676954708228        11.043103124084107     
   2.4521458257453603       -1.4378015610624191     
  -2.0006808431588126        1.4836875650888550     
   5.4017516585263028       -2.2659439303304474     
 -0.34965937278769754       -2.9959840516067424     
   2.2589851301114385      -0.60811297361710759     
   6.5729706475199166        1.4258753479797268     
   3.0835772787052114        4.6423834576838114     
   4.7732332331970451        1.3494887027414859     
  -2.1970032100392700        3.0640914190931459     
   3.5974935778646882        2.5738553271181215     
  0.86880720154185154        8.8949153567677612     
   1.5304884585975036       -1.8514873499025515     
 -0.10793710036531534        5.9864907368633968     
  -2.3737662929994183        3.4211594751514416     
   4.6090447423488179        2.5525591986937228     
   3.1470012018171913        3.0186759038202609     
 -0.40389869215350016        2.7215341685850949     
  -2.0309933518532661       -1.2506932112105367     
  -2.4292018386713465E-003   3.7600226870245508     
   4.0146708844310481      -0.65520305601856021     
   5.8167338697303137        3.9873393685869729E-003
   4.0585772308900339        3.1636410349994857     
  0.50036615215455038        3.3717583876146358     
  -2.0840191767132685      -0.50358963952893676     
   2.7739996259730213       0.33017869137506617     
  0.61860013055945728       -2.1467427741562823     
   3.5285967648864882        1.0221490282757402     
   2.2596545741565346       -1.6413850698264318     
   4.7575108316894230        1.1119952481044959     
   9.0942450958689012        2.0122949372931438     
   3.6097229564727651        1.7542870874955843     
   1.6464933118811458        8.2725238841783248     
 -0.23902197922783497       -2.5443291384083953     
  -2.3911273836705211        5.7016661825798671     
 -0.32361348111427590        5.6806429281018822     
   5.6210520744166406      -0.90185775832455173     
 -0.23788510043268074        2.8943821067101401     
   8.0830650904711501        1.0458770522297107     
   6.4457751576197264E-002   2.5917054257983598     
   6.6588485310900971        3.0939228824008267     
 -0.20864342433925076        1.4969024088270495     
  -2.1019686363140559        2.5464156375977249     
   4.6042480795232965        1.1762637324039402     
 -0.70182972920498088       0.78253836761589080     
  -1.6265737835396694        4.7251242073229864     
  0.32768291130458937        2.3997376756417688     
 -0.66654614512305699        2.4982467628142033     
  -1.4611639374756107        12.399433373931430     
 -0.92343383959959890       -1.3616347967759919     
 -0.34158526364275010       -1.0927501746294426     
  0.23498708145818403       0.64857686483614385     
   1.1927598742023062       0.83434133237116415     
   3.5801323308319071       -2.0837972538330498     
   5.1416067806111503       -1.6242380163736150     
  0.84560131917445913       -1.4132265777376376     
 -0.48484134081365804        17.373546779370706     
  -1.8078048969599891        2.6865597633419571     
   5.9645925534826070       0.75476586970405846     
 -0.60994721614793868      -0.32383098917443887     
   3.2950416291194951       -2.0575815835180000     
 -0.31846005293311519        5.6689444983975914     
  -1.9851358827986281        2.3783911000695235     
   5.9945224495007725       0.96714246722626873     
   3.4750248077550467        2.9021779420270444     
  -2.1494491695192171       -2.8388740178977914     
   11.282405284346590      -0.48250961028331796     
 -0.88572453122176320        5.8213982248070373     
 -0.65811086744436453       -2.1254660733422401     
   3.7414814315860263        6.5500206207772127     
   4.4615137080702514       -2.0272496443974939     
  -1.4372637093598155      -0.33896981163621431     
   6.5619761636350624       -1.4038212717966290     
  -1.8294193843673998      -0.15776290422834860     
   1.2251661453436857       -1.4628344936917985     
  0.69862341988975585      -0.67749158776271701     
 -0.78408118299024698        9.9060366583743971     
   7.0721054225604600        4.0425853670849339     
  -2.2111681149174611E-002   3.4163775867585202     
  -1.3278028734953249       0.34789480801253747     
   3.4025344411510470        1.8905625309143352     
