   3.2891100841902260E-011
   1.6025792912264895E-010
   1.0689110165227622E-009
   1.7298339838567538E-009
   2.6177511956023558E-009
   4.3429376727524171E-009
   6.5810351073050726E-009
   7.9263790280275784E-009
   1.1421430539300567E-008
   1.2337624457375514E-008
   1.2840026313902198E-008
   1.5334596622262903E-008
   2.6316921584682810E-008
   2.7496857493071946E-008
   3.5626987193315264E-008
   3.8147715101256790E-008
   4.9983708944945468E-008
   6.4101706227097639E-008
   8.8469286385810102E-008
   1.0742343497337398E-007
   1.2604472390259708E-007
   1.3627256626049882E-007
   1.6771780116044984E-007
   1.8819205804674107E-007
   2.1280936610786140E-007
   2.7524666071271701E-007
   2.8943779797387087E-007
   3.4279987680442078E-007
   3.9026072363340343E-007
   4.0500123973083944E-007
   5.0881873695778229E-007
   5.9971786101042448E-007
   7.1452970882767886E-007
   7.6721137299423001E-007
   8.4613070350696746E-007
   9.9037324225558309E-007
   1.0998793984513735E-006
   1.2413903318532471E-006
   1.2811514091512072E-006
   1.3959905777364514E-006
   1.4538112112362530E-006
   1.6393264589767397E-006
   1.7603868741597254E-006
   2.2432540369395284E-006
   2.5855861545843649E-006
   2.7337254796948029E-006
   3.1836680631842957E-006
   3.3707388179068566E-006
   3.6586846180958991E-006
   4.2538129393193326E-006
   4.7313658856527506E-006
   5.1132970108321885E-006
   5.4344971475518421E-006
   5.9572434384080900E-006
   6.2071814500321228E-006
   7.3642950279653133E-006
   8.5187236846899297E-006
   8.9075507786383647E-006
   9.5236493944910961E-006
   1.0039985283426624E-005
   1.0726826956712934E-005
   1.1818576292725472E-005
   1.2179179808190865E-005
   1.2533857976167431E-005
   1.4271902304018465E-005
   1.6319696878393046E-005
   1.7332963296134262E-005
   1.7979363717690320E-005
   1.8380089557964282E-005
   1.9498136780229475E-005
   2.1449117202155771E-005
   2.4009566508799015E-005
   2.4985692597870459E-005
   2.8587154376347659E-005
   3.2652551568470129E-005
   3.5894596574773908E-005
   3.7035811870708533E-005
   3.9819624390353094E-005
   4.1651633072374530E-005
   4.3987410666953701E-005
   4.5135168131375522E-005
   4.5787791220270509E-005
   5.0925820270629907E-005
   5.8195907878262939E-005
   6.1254915084446349E-005
   6.6191389148231045E-005
   7.0059165600685577E-005
   7.3738130149240402E-005
   8.3230572798119904E-005
   9.2397745677312083E-005
   9.8963596908957166E-005
   1.1111039640356983E-004
   1.1391708804352367E-004
   1.2528762258604342E-004
   1.3767186570612234E-004
   1.4327614841037976E-004
   1.5839995087787439E-004
   1.6648132875160564E-004
   1.7025305889541281E-004
   1.8068023346594131E-004
   1.8249289563454626E-004
   1.9956063710053164E-004
   2.1816060822869249E-004
   2.3177412684262600E-004
   2.3323768841198843E-004
   2.4494640828314499E-004
   2.5922958010164113E-004
   2.7033060467780668E-004
   3.0909509259901917E-004
   3.2943806163270836E-004
   3.3570407753944468E-004
   3.5032917312488246E-004
   3.8146001335036511E-004
   3.9941704364709977E-004
   4.1587837398339927E-004
   4.4147388705877507E-004
   4.7462398140596265E-004
   5.0671200229292354E-004
   5.5894139105132812E-004
   5.6578310797845131E-004
   5.7042349519984274E-004
   6.0421700681966386E-004
   6.8868796069245972E-004
   7.0968569081221043E-004
   7.6296436278929349E-004
   8.4200663384052701E-004
   8.6920519165187575E-004
   8.9923914052649954E-004
   9.5816144532043235E-004
   9.6566533522826701E-004
   1.0846103318454187E-003
   1.1477405939126261E-003
   1.2115219955757999E-003
   1.2979456875804906E-003
   1.3016533024252080E-003
   1.4277845810620055E-003
   1.4684287441336754E-003
   1.4834092816116454E-003
   1.5810573565169270E-003
   1.7288562687972503E-003
   1.7516981789923647E-003
   1.8429375072029090E-003
   1.9043638684293907E-003
   2.0530990890014742E-003
   2.3482307098659405E-003
   2.3716463163191543E-003
   2.4507683179605644E-003
   2.6080404660574871E-003
   2.8278141253435798E-003
   3.0237955165979078E-003
   3.0624906867353051E-003
   3.2652936533286714E-003
   3.3239270369066270E-003
   3.4657611431221460E-003
   3.5600980248188512E-003
   3.6165765629856627E-003
   3.9058859920244860E-003
   4.5643769023235728E-003
   4.6446004106837383E-003
   4.7561307014181917E-003
   5.0123886970646547E-003
   5.1920009392223089E-003
   5.6620307083810042E-003
   5.8125613062163291E-003
   6.2271161489070399E-003
   6.4596335984956899E-003
   6.8042416303427137E-003
   7.0724102600785918E-003
   7.7242027383933017E-003
   7.9164181161991646E-003
   8.4703416779320397E-003
   8.7381472010404741E-003
   8.9450684199389278E-003
   9.1765015266045639E-003
   9.8464185052661649E-003
   1.0638173258800726E-002
   1.1339203197986879E-002
   1.1402613802088330E-002
   1.2359089614140806E-002
   1.2865210158434481E-002
   1.4104716026950848E-002
   1.4510101324447546E-002
   1.4951697143527927E-002
   1.5519277145998642E-002
   1.6658128274131611E-002
   1.6999927765975281E-002
   1.7194730743743284E-002
   1.7929811620293758E-002
   1.9109772088805720E-002
   2.0035614717732703E-002
   2.2528288745028699E-002
   2.3305728786666934E-002
   2.4094728313226031E-002
   2.4912828130087342E-002
   2.5610096854264183E-002
   2.7262964664595848E-002
   2.8484076520755141E-002
   3.0931322616837533E-002
   3.2340838564800592E-002
   3.2996243329725623E-002
   3.6980869729053192E-002
   3.8244875715485474E-002
   4.1259728703739458E-002
   4.1581995544706964E-002
   4.2377754074389963E-002
   4.7497804208518207E-002
   4.8011063257898577E-002
   5.3294998677434396E-002
   5.4953257071349529E-002
   6.1326271322327139E-002
   6.2143596119065211E-002
   6.6646152696282740E-002
   6.9682811954466281E-002
   7.1875230558678463E-002
   7.4765512076634247E-002
   8.0135903836377004E-002
   8.2814626725896942E-002
   8.5869282995137894E-002
   9.0950728114053747E-002
   9.4511140907164740E-002
  0.10127517337389637     
  0.10506240374734682     
  0.11085315853440576     
  0.11868304648452901     
  0.12202350785280341     
  0.13153290251955213     
  0.13791081842998179     
  0.14784282515773051     
  0.15165513905404360     
  0.16986918911025986     
  0.17369915805124730     
  0.17779686990729465     
  0.18512727181550470     
  0.19461292598940383     
  0.20202935388827323     
  0.21267841111655694     
  0.21442704849482330     
  0.22587864762701459     
  0.24181131296165365     
  0.26149632484148888     
  0.28648550394121514     
  0.29332111500669250     
  0.31138436231842964     
  0.32805174989603386     
  0.34046066594864466     
  0.35055740309600120     
  0.35805841454995802     
  0.37239218626896364     
  0.40517265463120056     
  0.42464073479910608     
  0.47502573930822711     
  0.49542508058910667     
  0.52071086936888822     
  0.55094719305673812     
  0.57370926852379189     
  0.59775159931866173     
  0.61162527267308353     
  0.70550963068342609     
  0.72548447474369293     
  0.78737259048507624     
  0.83318279165297326     
  0.86944345906300990     
  0.89702359251546304     
  0.91513037759367744     
   1.0577767695645752     
   1.1020532092992781     
   1.1693080148372477     
   1.2019033887346557     
   1.2775039717880676     
   1.3762336217158169     
   1.4430041099466682     
   1.5563960124476355     
   1.6386108048173194     
   1.6528514059989396     
   1.8619548491090858     
   1.9356007038297633     
   2.0762357888373866     
   2.1773662386681423     
   2.2002488931721826     
   2.3459501871981785     
   2.6019802261039451     
   2.6202753633028419     
   2.9919665335728758     
   3.0991634805429062     
   3.2827934807448069     
   3.5033227799879523     
   3.8084642189924169     
   3.9520605660877290     
   4.2729780352279461     
   4.6999638492154263     
   4.9103551628759723     
   5.3953392362778754     
   5.6074853086354794     
   5.9686245357439480     
   6.1636546034957318     
   7.1287078024945316     
   7.4270414958839339     
   8.0712903084131113     
   9.4040278926799576     
   10.657802027853986     
