 -0.59943226016044404       -3.6901963340197499     
 -0.21061730212550911       -3.6901963340197499     
  0.17819765590942582       -3.6901963340197499     
  0.56701261394436031       -3.6901963340197499     
  -1.7658771342652482       -3.2304085815794963     
  -1.3770621762303135       -3.2304085815794963     
 -0.98824721819537853       -3.2304085815794963     
 -0.59943226016044404       -3.2304085815794963     
 -0.21061730212550911       -3.2304085815794963     
  0.17819765590942582       -3.2304085815794963     
  0.56701261394436031       -3.2304085815794963     
  0.95582757197929524       -3.2304085815794963     
   1.3446425300142302       -3.2304085815794963     
   1.7334574880491651       -3.2304085815794963     
   2.1222724460840992       -3.2304085815794963     
   2.5110874041190341       -3.2304085815794963     
   2.8999023621539690       -3.2304085815794963     
   3.2887173201889039       -3.2304085815794963     
   3.6775322782238389       -3.2304085815794963     
  -2.5435070503351178       -2.7706208291392431     
  -2.1546920923001829       -2.7706208291392431     
  -1.7658771342652482       -2.7706208291392431     
  -1.3770621762303135       -2.7706208291392431     
 -0.98824721819537853       -2.7706208291392431     
 -0.59943226016044404       -2.7706208291392431     
 -0.21061730212550911       -2.7706208291392431     
  0.17819765590942582       -2.7706208291392431     
  0.56701261394436031       -2.7706208291392431     
  0.95582757197929524       -2.7706208291392431     
   1.3446425300142302       -2.7706208291392431     
   1.7334574880491651       -2.7706208291392431     
   2.1222724460840992       -2.7706208291392431     
   2.5110874041190341       -2.7706208291392431     
   2.8999023621539690       -2.7706208291392431     
   3.2887173201889039       -2.7706208291392431     
   3.6775322782238389       -2.7706208291392431     
   4.0663472362587729       -2.7706208291392431     
   4.4551621942937079       -2.7706208291392431     
   4.8439771523286428       -2.7706208291392431     
   5.2327921103635777       -2.7706208291392431     
   5.6216070683985127       -2.7706208291392431     
   6.0104220264334476       -2.7706208291392431     
  -2.9323220083700523       -2.3108330766989895     
  -2.5435070503351178       -2.3108330766989895     
  -2.1546920923001829       -2.3108330766989895     
  -1.7658771342652482       -2.3108330766989895     
  -1.3770621762303135       -2.3108330766989895     
 -0.98824721819537853       -2.3108330766989895     
 -0.59943226016044404       -2.3108330766989895     
 -0.21061730212550911       -2.3108330766989895     
  0.17819765590942582       -2.3108330766989895     
  0.56701261394436031       -2.3108330766989895     
  0.95582757197929524       -2.3108330766989895     
   1.3446425300142302       -2.3108330766989895     
   1.7334574880491651       -2.3108330766989895     
   2.1222724460840992       -2.3108330766989895     
   2.5110874041190341       -2.3108330766989895     
   2.8999023621539690       -2.3108330766989895     
   3.2887173201889039       -2.3108330766989895     
   3.6775322782238389       -2.3108330766989895     
   4.0663472362587729       -2.3108330766989895     
   4.4551621942937079       -2.3108330766989895     
   4.8439771523286428       -2.3108330766989895     
   5.2327921103635777       -2.3108330766989895     
   5.6216070683985127       -2.3108330766989895     
   6.0104220264334476       -2.3108330766989895     
   6.3992369844683825       -2.3108330766989895     
   6.7880519425033174       -2.3108330766989895     
   7.1768669005382506       -2.3108330766989895     
   7.5656818585731855       -2.3108330766989895     
   7.9544968166081205       -2.3108330766989895     
   8.3433117746430554       -2.3108330766989895     
  -2.9323220083700523       -1.8510453242587361     
  -2.5435070503351178       -1.8510453242587361     
  -2.1546920923001829       -1.8510453242587361     
  -1.7658771342652482       -1.8510453242587361     
  -1.3770621762303135       -1.8510453242587361     
 -0.98824721819537853       -1.8510453242587361     
 -0.59943226016044404       -1.8510453242587361     
 -0.21061730212550911       -1.8510453242587361     
  0.17819765590942582       -1.8510453242587361     
  0.56701261394436031       -1.8510453242587361     
  0.95582757197929524       -1.8510453242587361     
   1.3446425300142302       -1.8510453242587361     
   1.7334574880491651       -1.8510453242587361     
   2.1222724460840992       -1.8510453242587361     
   2.5110874041190341       -1.8510453242587361     
   2.8999023621539690       -1.8510453242587361     
   3.2887173201889039       -1.8510453242587361     
   3.6775322782238389       -1.8510453242587361     
   4.0663472362587729       -1.8510453242587361     
   4.4551621942937079       -1.8510453242587361     
   4.8439771523286428       -1.8510453242587361     
   5.2327921103635777       -1.8510453242587361     
   5.6216070683985127       -1.8510453242587361     
   6.0104220264334476       -1.8510453242587361     
   6.3992369844683825       -1.8510453242587361     
   6.7880519425033174       -1.8510453242587361     
   7.1768669005382506       -1.8510453242587361     
   7.5656818585731855       -1.8510453242587361     
   7.9544968166081205       -1.8510453242587361     
   8.3433117746430554       -1.8510453242587361     
   8.7321267326779903       -1.8510453242587361     
   9.1209416907129253       -1.8510453242587361     
   9.5097566487478602       -1.8510453242587361     
   9.8985716067827951       -1.8510453242587361     
   10.287386564817730       -1.8510453242587361     
   10.676201522852665       -1.8510453242587361     
  -2.9323220083700523       -1.3912575718184828     
  -2.5435070503351178       -1.3912575718184828     
  -2.1546920923001829       -1.3912575718184828     
  -1.7658771342652482       -1.3912575718184828     
  -1.3770621762303135       -1.3912575718184828     
 -0.98824721819537853       -1.3912575718184828     
 -0.59943226016044404       -1.3912575718184828     
 -0.21061730212550911       -1.3912575718184828     
  0.17819765590942582       -1.3912575718184828     
  0.56701261394436031       -1.3912575718184828     
  0.95582757197929524       -1.3912575718184828     
   1.3446425300142302       -1.3912575718184828     
   1.7334574880491651       -1.3912575718184828     
   2.1222724460840992       -1.3912575718184828     
   2.5110874041190341       -1.3912575718184828     
   2.8999023621539690       -1.3912575718184828     
   3.2887173201889039       -1.3912575718184828     
   3.6775322782238389       -1.3912575718184828     
   4.0663472362587729       -1.3912575718184828     
   4.4551621942937079       -1.3912575718184828     
   4.8439771523286428       -1.3912575718184828     
   5.2327921103635777       -1.3912575718184828     
   5.6216070683985127       -1.3912575718184828     
   6.0104220264334476       -1.3912575718184828     
   6.3992369844683825       -1.3912575718184828     
   6.7880519425033174       -1.3912575718184828     
   7.1768669005382506       -1.3912575718184828     
   7.5656818585731855       -1.3912575718184828     
   7.9544968166081205       -1.3912575718184828     
   8.3433117746430554       -1.3912575718184828     
   8.7321267326779903       -1.3912575718184828     
   9.1209416907129253       -1.3912575718184828     
   9.5097566487478602       -1.3912575718184828     
   9.8985716067827951       -1.3912575718184828     
   10.287386564817730       -1.3912575718184828     
   10.676201522852665       -1.3912575718184828     
   11.065016480887600       -1.3912575718184828     
   11.453831438922533       -1.3912575718184828     
   11.842646396957468       -1.3912575718184828     
   12.231461354992403       -1.3912575718184828     
   12.620276313027338       -1.3912575718184828     
   13.009091271062273       -1.3912575718184828     
  -2.9323220083700523      -0.93146981937822915     
  -2.5435070503351178      -0.93146981937822915     
  -2.1546920923001829      -0.93146981937822915     
  -1.7658771342652482      -0.93146981937822915     
  -1.3770621762303135      -0.93146981937822915     
 -0.98824721819537853      -0.93146981937822915     
 -0.59943226016044404      -0.93146981937822915     
 -0.21061730212550911      -0.93146981937822915     
  0.17819765590942582      -0.93146981937822915     
  0.56701261394436031      -0.93146981937822915     
  0.95582757197929524      -0.93146981937822915     
   1.3446425300142302      -0.93146981937822915     
   1.7334574880491651      -0.93146981937822915     
   2.1222724460840992      -0.93146981937822915     
   2.5110874041190341      -0.93146981937822915     
   2.8999023621539690      -0.93146981937822915     
   3.2887173201889039      -0.93146981937822915     
   3.6775322782238389      -0.93146981937822915     
   4.0663472362587729      -0.93146981937822915     
   4.4551621942937079      -0.93146981937822915     
   4.8439771523286428      -0.93146981937822915     
   5.2327921103635777      -0.93146981937822915     
   5.6216070683985127      -0.93146981937822915     
   6.0104220264334476      -0.93146981937822915     
   6.3992369844683825      -0.93146981937822915     
   6.7880519425033174      -0.93146981937822915     
   7.1768669005382506      -0.93146981937822915     
   7.5656818585731855      -0.93146981937822915     
   7.9544968166081205      -0.93146981937822915     
   8.3433117746430554      -0.93146981937822915     
   8.7321267326779903      -0.93146981937822915     
   9.1209416907129253      -0.93146981937822915     
   9.5097566487478602      -0.93146981937822915     
   9.8985716067827951      -0.93146981937822915     
   10.287386564817730      -0.93146981937822915     
   10.676201522852665      -0.93146981937822915     
   11.065016480887600      -0.93146981937822915     
   11.453831438922533      -0.93146981937822915     
   11.842646396957468      -0.93146981937822915     
   12.231461354992403      -0.93146981937822915     
   12.620276313027338      -0.93146981937822915     
   13.009091271062273      -0.93146981937822915     
   13.397906229097208      -0.93146981937822915     
   13.786721187132143      -0.93146981937822915     
   14.175536145167078      -0.93146981937822915     
   14.564351103202013      -0.93146981937822915     
   14.953166061236947      -0.93146981937822915     
   15.341981019271882      -0.93146981937822915     
   15.730795977306817      -0.93146981937822915     
  -3.3211369664049872      -0.47168206693797599     
  -2.9323220083700523      -0.47168206693797599     
  -2.5435070503351178      -0.47168206693797599     
  -2.1546920923001829      -0.47168206693797599     
  -1.7658771342652482      -0.47168206693797599     
  -1.3770621762303135      -0.47168206693797599     
 -0.98824721819537853      -0.47168206693797599     
 -0.59943226016044404      -0.47168206693797599     
 -0.21061730212550911      -0.47168206693797599     
  0.17819765590942582      -0.47168206693797599     
  0.56701261394436031      -0.47168206693797599     
  0.95582757197929524      -0.47168206693797599     
   1.3446425300142302      -0.47168206693797599     
   1.7334574880491651      -0.47168206693797599     
   2.1222724460840992      -0.47168206693797599     
   2.5110874041190341      -0.47168206693797599     
   2.8999023621539690      -0.47168206693797599     
   3.2887173201889039      -0.47168206693797599     
   3.6775322782238389      -0.47168206693797599     
   4.0663472362587729      -0.47168206693797599     
   4.4551621942937079      -0.47168206693797599     
   4.8439771523286428      -0.47168206693797599     
   5.2327921103635777      -0.47168206693797599     
   5.6216070683985127      -0.47168206693797599     
   6.0104220264334476      -0.47168206693797599     
   6.3992369844683825      -0.47168206693797599     
   6.7880519425033174      -0.47168206693797599     
   7.1768669005382506      -0.47168206693797599     
   7.5656818585731855      -0.47168206693797599     
   7.9544968166081205      -0.47168206693797599     
   8.3433117746430554      -0.47168206693797599     
   8.7321267326779903      -0.47168206693797599     
   9.1209416907129253      -0.47168206693797599     
   9.5097566487478602      -0.47168206693797599     
   9.8985716067827951      -0.47168206693797599     
   10.287386564817730      -0.47168206693797599     
   10.676201522852665      -0.47168206693797599     
   11.065016480887600      -0.47168206693797599     
   11.453831438922533      -0.47168206693797599     
   11.842646396957468      -0.47168206693797599     
   12.231461354992403      -0.47168206693797599     
   12.620276313027338      -0.47168206693797599     
   13.009091271062273      -0.47168206693797599     
   13.397906229097208      -0.47168206693797599     
   13.786721187132143      -0.47168206693797599     
   14.175536145167078      -0.47168206693797599     
   14.564351103202013      -0.47168206693797599     
   14.953166061236947      -0.47168206693797599     
   15.341981019271882      -0.47168206693797599     
   15.730795977306817      -0.47168206693797599     
   16.119610935341754      -0.47168206693797599     
  -3.3211369664049872       -1.1894314497722380E-002
  -2.9323220083700523       -1.1894314497722380E-002
  -2.5435070503351178       -1.1894314497722380E-002
  -2.1546920923001829       -1.1894314497722380E-002
  -1.7658771342652482       -1.1894314497722380E-002
  -1.3770621762303135       -1.1894314497722380E-002
 -0.98824721819537853       -1.1894314497722380E-002
 -0.59943226016044404       -1.1894314497722380E-002
 -0.21061730212550911       -1.1894314497722380E-002
  0.17819765590942582       -1.1894314497722380E-002
  0.56701261394436031       -1.1894314497722380E-002
  0.95582757197929524       -1.1894314497722380E-002
   1.3446425300142302       -1.1894314497722380E-002
   1.7334574880491651       -1.1894314497722380E-002
   2.1222724460840992       -1.1894314497722380E-002
   2.5110874041190341       -1.1894314497722380E-002
   2.8999023621539690       -1.1894314497722380E-002
   3.2887173201889039       -1.1894314497722380E-002
   3.6775322782238389       -1.1894314497722380E-002
   4.0663472362587729       -1.1894314497722380E-002
   4.4551621942937079       -1.1894314497722380E-002
   4.8439771523286428       -1.1894314497722380E-002
   5.2327921103635777       -1.1894314497722380E-002
   5.6216070683985127       -1.1894314497722380E-002
   6.0104220264334476       -1.1894314497722380E-002
   6.3992369844683825       -1.1894314497722380E-002
   6.7880519425033174       -1.1894314497722380E-002
   7.1768669005382506       -1.1894314497722380E-002
   7.5656818585731855       -1.1894314497722380E-002
   7.9544968166081205       -1.1894314497722380E-002
   8.3433117746430554       -1.1894314497722380E-002
   8.7321267326779903       -1.1894314497722380E-002
   9.1209416907129253       -1.1894314497722380E-002
   9.5097566487478602       -1.1894314497722380E-002
   9.8985716067827951       -1.1894314497722380E-002
   10.287386564817730       -1.1894314497722380E-002
   10.676201522852665       -1.1894314497722380E-002
   11.065016480887600       -1.1894314497722380E-002
   11.453831438922533       -1.1894314497722380E-002
   11.842646396957468       -1.1894314497722380E-002
   12.231461354992403       -1.1894314497722380E-002
   12.620276313027338       -1.1894314497722380E-002
   13.009091271062273       -1.1894314497722380E-002
   13.397906229097208       -1.1894314497722380E-002
   13.786721187132143       -1.1894314497722380E-002
   14.175536145167078       -1.1894314497722380E-002
   14.564351103202013       -1.1894314497722380E-002
   14.953166061236947       -1.1894314497722380E-002
   15.341981019271882       -1.1894314497722380E-002
   15.730795977306817       -1.1894314497722380E-002
   16.119610935341754       -1.1894314497722380E-002
  -3.3211369664049872       0.44789343794253078     
  -2.9323220083700523       0.44789343794253078     
  -2.5435070503351178       0.44789343794253078     
  -2.1546920923001829       0.44789343794253078     
  -1.7658771342652482       0.44789343794253078     
  -1.3770621762303135       0.44789343794253078     
 -0.98824721819537853       0.44789343794253078     
 -0.59943226016044404       0.44789343794253078     
 -0.21061730212550911       0.44789343794253078     
  0.17819765590942582       0.44789343794253078     
  0.56701261394436031       0.44789343794253078     
  0.95582757197929524       0.44789343794253078     
   1.3446425300142302       0.44789343794253078     
   1.7334574880491651       0.44789343794253078     
   2.1222724460840992       0.44789343794253078     
   2.5110874041190341       0.44789343794253078     
   2.8999023621539690       0.44789343794253078     
   3.2887173201889039       0.44789343794253078     
   3.6775322782238389       0.44789343794253078     
   4.0663472362587729       0.44789343794253078     
   4.4551621942937079       0.44789343794253078     
   4.8439771523286428       0.44789343794253078     
   5.2327921103635777       0.44789343794253078     
   5.6216070683985127       0.44789343794253078     
   6.0104220264334476       0.44789343794253078     
   6.3992369844683825       0.44789343794253078     
   6.7880519425033174       0.44789343794253078     
   7.1768669005382506       0.44789343794253078     
   7.5656818585731855       0.44789343794253078     
   7.9544968166081205       0.44789343794253078     
   8.3433117746430554       0.44789343794253078     
   8.7321267326779903       0.44789343794253078     
   9.1209416907129253       0.44789343794253078     
   9.5097566487478602       0.44789343794253078     
   9.8985716067827951       0.44789343794253078     
   10.287386564817730       0.44789343794253078     
   10.676201522852665       0.44789343794253078     
   11.065016480887600       0.44789343794253078     
   11.453831438922533       0.44789343794253078     
   11.842646396957468       0.44789343794253078     
   12.231461354992403       0.44789343794253078     
   12.620276313027338       0.44789343794253078     
   13.009091271062273       0.44789343794253078     
   13.397906229097208       0.44789343794253078     
   13.786721187132143       0.44789343794253078     
   14.175536145167078       0.44789343794253078     
   14.564351103202013       0.44789343794253078     
   14.953166061236947       0.44789343794253078     
   15.341981019271882       0.44789343794253078     
   15.730795977306817       0.44789343794253078     
   16.119610935341754       0.44789343794253078     
  -2.9323220083700523       0.90768119038278439     
  -2.5435070503351178       0.90768119038278439     
  -2.1546920923001829       0.90768119038278439     
  -1.7658771342652482       0.90768119038278439     
  -1.3770621762303135       0.90768119038278439     
 -0.98824721819537853       0.90768119038278439     
 -0.59943226016044404       0.90768119038278439     
 -0.21061730212550911       0.90768119038278439     
  0.17819765590942582       0.90768119038278439     
  0.56701261394436031       0.90768119038278439     
  0.95582757197929524       0.90768119038278439     
   1.3446425300142302       0.90768119038278439     
   1.7334574880491651       0.90768119038278439     
   2.1222724460840992       0.90768119038278439     
   2.5110874041190341       0.90768119038278439     
   2.8999023621539690       0.90768119038278439     
   3.2887173201889039       0.90768119038278439     
   3.6775322782238389       0.90768119038278439     
   4.0663472362587729       0.90768119038278439     
   4.4551621942937079       0.90768119038278439     
   4.8439771523286428       0.90768119038278439     
   5.2327921103635777       0.90768119038278439     
   5.6216070683985127       0.90768119038278439     
   6.0104220264334476       0.90768119038278439     
   6.3992369844683825       0.90768119038278439     
   6.7880519425033174       0.90768119038278439     
   7.1768669005382506       0.90768119038278439     
   7.5656818585731855       0.90768119038278439     
   7.9544968166081205       0.90768119038278439     
   8.3433117746430554       0.90768119038278439     
   8.7321267326779903       0.90768119038278439     
   9.1209416907129253       0.90768119038278439     
   9.5097566487478602       0.90768119038278439     
   9.8985716067827951       0.90768119038278439     
   10.287386564817730       0.90768119038278439     
   10.676201522852665       0.90768119038278439     
   11.065016480887600       0.90768119038278439     
   11.453831438922533       0.90768119038278439     
   11.842646396957468       0.90768119038278439     
   12.231461354992403       0.90768119038278439     
   12.620276313027338       0.90768119038278439     
   13.009091271062273       0.90768119038278439     
   13.397906229097208       0.90768119038278439     
   13.786721187132143       0.90768119038278439     
   14.175536145167078       0.90768119038278439     
   14.564351103202013       0.90768119038278439     
   14.953166061236947       0.90768119038278439     
   15.341981019271882       0.90768119038278439     
   15.730795977306817       0.90768119038278439     
   16.119610935341754       0.90768119038278439     
  -2.9323220083700523        1.3674689428230380     
  -2.5435070503351178        1.3674689428230380     
  -2.1546920923001829        1.3674689428230380     
  -1.7658771342652482        1.3674689428230380     
  -1.3770621762303135        1.3674689428230380     
 -0.98824721819537853        1.3674689428230380     
 -0.59943226016044404        1.3674689428230380     
 -0.21061730212550911        1.3674689428230380     
  0.17819765590942582        1.3674689428230380     
  0.56701261394436031        1.3674689428230380     
  0.95582757197929524        1.3674689428230380     
   1.3446425300142302        1.3674689428230380     
   1.7334574880491651        1.3674689428230380     
   2.1222724460840992        1.3674689428230380     
   2.5110874041190341        1.3674689428230380     
   2.8999023621539690        1.3674689428230380     
   3.2887173201889039        1.3674689428230380     
   3.6775322782238389        1.3674689428230380     
   4.0663472362587729        1.3674689428230380     
   4.4551621942937079        1.3674689428230380     
   4.8439771523286428        1.3674689428230380     
   5.2327921103635777        1.3674689428230380     
   5.6216070683985127        1.3674689428230380     
   6.0104220264334476        1.3674689428230380     
   6.3992369844683825        1.3674689428230380     
   6.7880519425033174        1.3674689428230380     
   7.1768669005382506        1.3674689428230380     
   7.5656818585731855        1.3674689428230380     
   7.9544968166081205        1.3674689428230380     
   8.3433117746430554        1.3674689428230380     
   8.7321267326779903        1.3674689428230380     
   9.1209416907129253        1.3674689428230380     
   9.5097566487478602        1.3674689428230380     
   9.8985716067827951        1.3674689428230380     
   10.287386564817730        1.3674689428230380     
   10.676201522852665        1.3674689428230380     
   11.065016480887600        1.3674689428230380     
   11.453831438922533        1.3674689428230380     
   11.842646396957468        1.3674689428230380     
   12.231461354992403        1.3674689428230380     
   12.620276313027338        1.3674689428230380     
   13.009091271062273        1.3674689428230380     
   13.397906229097208        1.3674689428230380     
   13.786721187132143        1.3674689428230380     
   14.175536145167078        1.3674689428230380     
   14.564351103202013        1.3674689428230380     
   14.953166061236947        1.3674689428230380     
  -2.9323220083700523        1.8272566952632916     
  -2.5435070503351178        1.8272566952632916     
  -2.1546920923001829        1.8272566952632916     
  -1.7658771342652482        1.8272566952632916     
  -1.3770621762303135        1.8272566952632916     
 -0.98824721819537853        1.8272566952632916     
 -0.59943226016044404        1.8272566952632916     
 -0.21061730212550911        1.8272566952632916     
  0.17819765590942582        1.8272566952632916     
  0.56701261394436031        1.8272566952632916     
  0.95582757197929524        1.8272566952632916     
   1.3446425300142302        1.8272566952632916     
   1.7334574880491651        1.8272566952632916     
   2.1222724460840992        1.8272566952632916     
   2.5110874041190341        1.8272566952632916     
   2.8999023621539690        1.8272566952632916     
   3.2887173201889039        1.8272566952632916     
   3.6775322782238389        1.8272566952632916     
   4.0663472362587729        1.8272566952632916     
   4.4551621942937079        1.8272566952632916     
   4.8439771523286428        1.8272566952632916     
   5.2327921103635777        1.8272566952632916     
   5.6216070683985127        1.8272566952632916     
   6.0104220264334476        1.8272566952632916     
   6.3992369844683825        1.8272566952632916     
   6.7880519425033174        1.8272566952632916     
   7.1768669005382506        1.8272566952632916     
   7.5656818585731855        1.8272566952632916     
   7.9544968166081205        1.8272566952632916     
   8.3433117746430554        1.8272566952632916     
   8.7321267326779903        1.8272566952632916     
   9.1209416907129253        1.8272566952632916     
   9.5097566487478602        1.8272566952632916     
   9.8985716067827951        1.8272566952632916     
   10.287386564817730        1.8272566952632916     
   10.676201522852665        1.8272566952632916     
   11.065016480887600        1.8272566952632916     
   11.453831438922533        1.8272566952632916     
   11.842646396957468        1.8272566952632916     
   12.231461354992403        1.8272566952632916     
   12.620276313027338        1.8272566952632916     
   13.009091271062273        1.8272566952632916     
   13.397906229097208        1.8272566952632916     
  -2.9323220083700523        2.2870444477035452     
  -2.5435070503351178        2.2870444477035452     
  -2.1546920923001829        2.2870444477035452     
  -1.7658771342652482        2.2870444477035452     
  -1.3770621762303135        2.2870444477035452     
 -0.98824721819537853        2.2870444477035452     
 -0.59943226016044404        2.2870444477035452     
 -0.21061730212550911        2.2870444477035452     
  0.17819765590942582        2.2870444477035452     
  0.56701261394436031        2.2870444477035452     
  0.95582757197929524        2.2870444477035452     
   1.3446425300142302        2.2870444477035452     
   1.7334574880491651        2.2870444477035452     
   2.1222724460840992        2.2870444477035452     
   2.5110874041190341        2.2870444477035452     
   2.8999023621539690        2.2870444477035452     
   3.2887173201889039        2.2870444477035452     
   3.6775322782238389        2.2870444477035452     
   4.0663472362587729        2.2870444477035452     
   4.4551621942937079        2.2870444477035452     
   4.8439771523286428        2.2870444477035452     
   5.2327921103635777        2.2870444477035452     
   5.6216070683985127        2.2870444477035452     
   6.0104220264334476        2.2870444477035452     
   6.3992369844683825        2.2870444477035452     
   6.7880519425033174        2.2870444477035452     
   7.1768669005382506        2.2870444477035452     
   7.5656818585731855        2.2870444477035452     
   7.9544968166081205        2.2870444477035452     
   8.3433117746430554        2.2870444477035452     
   8.7321267326779903        2.2870444477035452     
   9.1209416907129253        2.2870444477035452     
   9.5097566487478602        2.2870444477035452     
   9.8985716067827951        2.2870444477035452     
   10.287386564817730        2.2870444477035452     
   10.676201522852665        2.2870444477035452     
   11.065016480887600        2.2870444477035452     
   11.453831438922533        2.2870444477035452     
   11.842646396957468        2.2870444477035452     
  -2.9323220083700523        2.7468322001437979     
  -2.5435070503351178        2.7468322001437979     
  -2.1546920923001829        2.7468322001437979     
  -1.7658771342652482        2.7468322001437979     
  -1.3770621762303135        2.7468322001437979     
 -0.98824721819537853        2.7468322001437979     
 -0.59943226016044404        2.7468322001437979     
 -0.21061730212550911        2.7468322001437979     
  0.17819765590942582        2.7468322001437979     
  0.56701261394436031        2.7468322001437979     
  0.95582757197929524        2.7468322001437979     
   1.3446425300142302        2.7468322001437979     
   1.7334574880491651        2.7468322001437979     
   2.1222724460840992        2.7468322001437979     
   2.5110874041190341        2.7468322001437979     
   2.8999023621539690        2.7468322001437979     
   3.2887173201889039        2.7468322001437979     
   3.6775322782238389        2.7468322001437979     
   4.0663472362587729        2.7468322001437979     
   4.4551621942937079        2.7468322001437979     
   4.8439771523286428        2.7468322001437979     
   5.2327921103635777        2.7468322001437979     
   5.6216070683985127        2.7468322001437979     
   6.0104220264334476        2.7468322001437979     
   6.3992369844683825        2.7468322001437979     
   6.7880519425033174        2.7468322001437979     
   7.1768669005382506        2.7468322001437979     
   7.5656818585731855        2.7468322001437979     
   7.9544968166081205        2.7468322001437979     
   8.3433117746430554        2.7468322001437979     
   8.7321267326779903        2.7468322001437979     
   9.1209416907129253        2.7468322001437979     
   9.5097566487478602        2.7468322001437979     
   9.8985716067827951        2.7468322001437979     
   10.287386564817730        2.7468322001437979     
   10.676201522852665        2.7468322001437979     
  -2.9323220083700523        3.2066199525840515     
  -2.5435070503351178        3.2066199525840515     
  -2.1546920923001829        3.2066199525840515     
  -1.7658771342652482        3.2066199525840515     
  -1.3770621762303135        3.2066199525840515     
 -0.98824721819537853        3.2066199525840515     
 -0.59943226016044404        3.2066199525840515     
 -0.21061730212550911        3.2066199525840515     
  0.17819765590942582        3.2066199525840515     
  0.56701261394436031        3.2066199525840515     
  0.95582757197929524        3.2066199525840515     
   1.3446425300142302        3.2066199525840515     
   1.7334574880491651        3.2066199525840515     
   2.1222724460840992        3.2066199525840515     
   2.5110874041190341        3.2066199525840515     
   2.8999023621539690        3.2066199525840515     
   3.2887173201889039        3.2066199525840515     
   3.6775322782238389        3.2066199525840515     
   4.0663472362587729        3.2066199525840515     
   4.4551621942937079        3.2066199525840515     
   4.8439771523286428        3.2066199525840515     
   5.2327921103635777        3.2066199525840515     
   5.6216070683985127        3.2066199525840515     
   6.0104220264334476        3.2066199525840515     
   6.3992369844683825        3.2066199525840515     
   6.7880519425033174        3.2066199525840515     
   7.1768669005382506        3.2066199525840515     
   7.5656818585731855        3.2066199525840515     
   7.9544968166081205        3.2066199525840515     
   8.3433117746430554        3.2066199525840515     
   8.7321267326779903        3.2066199525840515     
   9.1209416907129253        3.2066199525840515     
   9.5097566487478602        3.2066199525840515     
   9.8985716067827951        3.2066199525840515     
  -2.9323220083700523        3.6664077050243051     
  -2.5435070503351178        3.6664077050243051     
  -2.1546920923001829        3.6664077050243051     
  -1.7658771342652482        3.6664077050243051     
  -1.3770621762303135        3.6664077050243051     
 -0.98824721819537853        3.6664077050243051     
 -0.59943226016044404        3.6664077050243051     
 -0.21061730212550911        3.6664077050243051     
  0.17819765590942582        3.6664077050243051     
  0.56701261394436031        3.6664077050243051     
  0.95582757197929524        3.6664077050243051     
   1.3446425300142302        3.6664077050243051     
   1.7334574880491651        3.6664077050243051     
   2.1222724460840992        3.6664077050243051     
   2.5110874041190341        3.6664077050243051     
   2.8999023621539690        3.6664077050243051     
   3.2887173201889039        3.6664077050243051     
   3.6775322782238389        3.6664077050243051     
   4.0663472362587729        3.6664077050243051     
   4.4551621942937079        3.6664077050243051     
   4.8439771523286428        3.6664077050243051     
   5.2327921103635777        3.6664077050243051     
   5.6216070683985127        3.6664077050243051     
   6.0104220264334476        3.6664077050243051     
   6.3992369844683825        3.6664077050243051     
   6.7880519425033174        3.6664077050243051     
   7.1768669005382506        3.6664077050243051     
   7.5656818585731855        3.6664077050243051     
   7.9544968166081205        3.6664077050243051     
   8.3433117746430554        3.6664077050243051     
   8.7321267326779903        3.6664077050243051     
   9.1209416907129253        3.6664077050243051     
  -2.9323220083700523        4.1261954574645587     
  -2.5435070503351178        4.1261954574645587     
  -2.1546920923001829        4.1261954574645587     
  -1.7658771342652482        4.1261954574645587     
  -1.3770621762303135        4.1261954574645587     
 -0.98824721819537853        4.1261954574645587     
 -0.59943226016044404        4.1261954574645587     
 -0.21061730212550911        4.1261954574645587     
  0.17819765590942582        4.1261954574645587     
  0.56701261394436031        4.1261954574645587     
  0.95582757197929524        4.1261954574645587     
   1.3446425300142302        4.1261954574645587     
   1.7334574880491651        4.1261954574645587     
   2.1222724460840992        4.1261954574645587     
   2.5110874041190341        4.1261954574645587     
   2.8999023621539690        4.1261954574645587     
   3.2887173201889039        4.1261954574645587     
   3.6775322782238389        4.1261954574645587     
   4.0663472362587729        4.1261954574645587     
   4.4551621942937079        4.1261954574645587     
   4.8439771523286428        4.1261954574645587     
   5.2327921103635777        4.1261954574645587     
   5.6216070683985127        4.1261954574645587     
   6.0104220264334476        4.1261954574645587     
   6.3992369844683825        4.1261954574645587     
   6.7880519425033174        4.1261954574645587     
   7.1768669005382506        4.1261954574645587     
   7.5656818585731855        4.1261954574645587     
   7.9544968166081205        4.1261954574645587     
   8.3433117746430554        4.1261954574645587     
  -2.5435070503351178        4.5859832099048115     
  -2.1546920923001829        4.5859832099048115     
  -1.7658771342652482        4.5859832099048115     
  -1.3770621762303135        4.5859832099048115     
 -0.98824721819537853        4.5859832099048115     
 -0.59943226016044404        4.5859832099048115     
 -0.21061730212550911        4.5859832099048115     
  0.17819765590942582        4.5859832099048115     
  0.56701261394436031        4.5859832099048115     
  0.95582757197929524        4.5859832099048115     
   1.3446425300142302        4.5859832099048115     
   1.7334574880491651        4.5859832099048115     
   2.1222724460840992        4.5859832099048115     
   2.5110874041190341        4.5859832099048115     
   2.8999023621539690        4.5859832099048115     
   3.2887173201889039        4.5859832099048115     
   3.6775322782238389        4.5859832099048115     
   4.0663472362587729        4.5859832099048115     
   4.4551621942937079        4.5859832099048115     
   4.8439771523286428        4.5859832099048115     
   5.2327921103635777        4.5859832099048115     
   5.6216070683985127        4.5859832099048115     
   6.0104220264334476        4.5859832099048115     
   6.3992369844683825        4.5859832099048115     
   6.7880519425033174        4.5859832099048115     
   7.1768669005382506        4.5859832099048115     
   7.5656818585731855        4.5859832099048115     
  -2.5435070503351178        5.0457709623450659     
  -2.1546920923001829        5.0457709623450659     
  -1.7658771342652482        5.0457709623450659     
  -1.3770621762303135        5.0457709623450659     
 -0.98824721819537853        5.0457709623450659     
 -0.59943226016044404        5.0457709623450659     
 -0.21061730212550911        5.0457709623450659     
  0.17819765590942582        5.0457709623450659     
  0.56701261394436031        5.0457709623450659     
  0.95582757197929524        5.0457709623450659     
   1.3446425300142302        5.0457709623450659     
   1.7334574880491651        5.0457709623450659     
   2.1222724460840992        5.0457709623450659     
   2.5110874041190341        5.0457709623450659     
   2.8999023621539690        5.0457709623450659     
   3.2887173201889039        5.0457709623450659     
   3.6775322782238389        5.0457709623450659     
   4.0663472362587729        5.0457709623450659     
   4.4551621942937079        5.0457709623450659     
   4.8439771523286428        5.0457709623450659     
   5.2327921103635777        5.0457709623450659     
   5.6216070683985127        5.0457709623450659     
   6.0104220264334476        5.0457709623450659     
   6.3992369844683825        5.0457709623450659     
   6.7880519425033174        5.0457709623450659     
   7.1768669005382506        5.0457709623450659     
  -2.5435070503351178        5.5055587147853187     
  -2.1546920923001829        5.5055587147853187     
  -1.7658771342652482        5.5055587147853187     
  -1.3770621762303135        5.5055587147853187     
 -0.98824721819537853        5.5055587147853187     
 -0.59943226016044404        5.5055587147853187     
 -0.21061730212550911        5.5055587147853187     
  0.17819765590942582        5.5055587147853187     
  0.56701261394436031        5.5055587147853187     
  0.95582757197929524        5.5055587147853187     
   1.3446425300142302        5.5055587147853187     
   1.7334574880491651        5.5055587147853187     
   2.1222724460840992        5.5055587147853187     
   2.5110874041190341        5.5055587147853187     
   2.8999023621539690        5.5055587147853187     
   3.2887173201889039        5.5055587147853187     
   3.6775322782238389        5.5055587147853187     
   4.0663472362587729        5.5055587147853187     
   4.4551621942937079        5.5055587147853187     
   4.8439771523286428        5.5055587147853187     
   5.2327921103635777        5.5055587147853187     
   5.6216070683985127        5.5055587147853187     
   6.0104220264334476        5.5055587147853187     
   6.3992369844683825        5.5055587147853187     
  -2.5435070503351178        5.9653464672255732     
  -2.1546920923001829        5.9653464672255732     
  -1.7658771342652482        5.9653464672255732     
  -1.3770621762303135        5.9653464672255732     
 -0.98824721819537853        5.9653464672255732     
 -0.59943226016044404        5.9653464672255732     
 -0.21061730212550911        5.9653464672255732     
  0.17819765590942582        5.9653464672255732     
  0.56701261394436031        5.9653464672255732     
  0.95582757197929524        5.9653464672255732     
   1.3446425300142302        5.9653464672255732     
   1.7334574880491651        5.9653464672255732     
   2.1222724460840992        5.9653464672255732     
   2.5110874041190341        5.9653464672255732     
   2.8999023621539690        5.9653464672255732     
   3.2887173201889039        5.9653464672255732     
   3.6775322782238389        5.9653464672255732     
   4.0663472362587729        5.9653464672255732     
   4.4551621942937079        5.9653464672255732     
   4.8439771523286428        5.9653464672255732     
   5.2327921103635777        5.9653464672255732     
   5.6216070683985127        5.9653464672255732     
   6.0104220264334476        5.9653464672255732     
  -2.5435070503351178        6.4251342196658259     
  -2.1546920923001829        6.4251342196658259     
  -1.7658771342652482        6.4251342196658259     
  -1.3770621762303135        6.4251342196658259     
 -0.98824721819537853        6.4251342196658259     
 -0.59943226016044404        6.4251342196658259     
 -0.21061730212550911        6.4251342196658259     
  0.17819765590942582        6.4251342196658259     
  0.56701261394436031        6.4251342196658259     
  0.95582757197929524        6.4251342196658259     
   1.3446425300142302        6.4251342196658259     
   1.7334574880491651        6.4251342196658259     
   2.1222724460840992        6.4251342196658259     
   2.5110874041190341        6.4251342196658259     
   2.8999023621539690        6.4251342196658259     
   3.2887173201889039        6.4251342196658259     
   3.6775322782238389        6.4251342196658259     
   4.0663472362587729        6.4251342196658259     
   4.4551621942937079        6.4251342196658259     
   4.8439771523286428        6.4251342196658259     
   5.2327921103635777        6.4251342196658259     
   5.6216070683985127        6.4251342196658259     
  -2.1546920923001829        6.8849219721060786     
  -1.7658771342652482        6.8849219721060786     
  -1.3770621762303135        6.8849219721060786     
 -0.98824721819537853        6.8849219721060786     
 -0.59943226016044404        6.8849219721060786     
 -0.21061730212550911        6.8849219721060786     
  0.17819765590942582        6.8849219721060786     
  0.56701261394436031        6.8849219721060786     
  0.95582757197929524        6.8849219721060786     
   1.3446425300142302        6.8849219721060786     
   1.7334574880491651        6.8849219721060786     
   2.1222724460840992        6.8849219721060786     
   2.5110874041190341        6.8849219721060786     
   2.8999023621539690        6.8849219721060786     
   3.2887173201889039        6.8849219721060786     
   3.6775322782238389        6.8849219721060786     
   4.0663472362587729        6.8849219721060786     
   4.4551621942937079        6.8849219721060786     
   4.8439771523286428        6.8849219721060786     
   5.2327921103635777        6.8849219721060786     
  -2.1546920923001829        7.3447097245463331     
  -1.7658771342652482        7.3447097245463331     
  -1.3770621762303135        7.3447097245463331     
 -0.98824721819537853        7.3447097245463331     
 -0.59943226016044404        7.3447097245463331     
 -0.21061730212550911        7.3447097245463331     
  0.17819765590942582        7.3447097245463331     
  0.56701261394436031        7.3447097245463331     
  0.95582757197929524        7.3447097245463331     
   1.3446425300142302        7.3447097245463331     
   1.7334574880491651        7.3447097245463331     
   2.1222724460840992        7.3447097245463331     
   2.5110874041190341        7.3447097245463331     
   2.8999023621539690        7.3447097245463331     
   3.2887173201889039        7.3447097245463331     
   3.6775322782238389        7.3447097245463331     
   4.0663472362587729        7.3447097245463331     
   4.4551621942937079        7.3447097245463331     
   4.8439771523286428        7.3447097245463331     
  -2.1546920923001829        7.8044974769865858     
  -1.7658771342652482        7.8044974769865858     
  -1.3770621762303135        7.8044974769865858     
 -0.98824721819537853        7.8044974769865858     
 -0.59943226016044404        7.8044974769865858     
 -0.21061730212550911        7.8044974769865858     
  0.17819765590942582        7.8044974769865858     
  0.56701261394436031        7.8044974769865858     
  0.95582757197929524        7.8044974769865858     
   1.3446425300142302        7.8044974769865858     
   1.7334574880491651        7.8044974769865858     
   2.1222724460840992        7.8044974769865858     
   2.5110874041190341        7.8044974769865858     
   2.8999023621539690        7.8044974769865858     
   3.2887173201889039        7.8044974769865858     
   3.6775322782238389        7.8044974769865858     
   4.0663472362587729        7.8044974769865858     
   4.4551621942937079        7.8044974769865858     
  -2.1546920923001829        8.2642852294268394     
  -1.7658771342652482        8.2642852294268394     
  -1.3770621762303135        8.2642852294268394     
 -0.98824721819537853        8.2642852294268394     
 -0.59943226016044404        8.2642852294268394     
 -0.21061730212550911        8.2642852294268394     
  0.17819765590942582        8.2642852294268394     
  0.56701261394436031        8.2642852294268394     
  0.95582757197929524        8.2642852294268394     
   1.3446425300142302        8.2642852294268394     
   1.7334574880491651        8.2642852294268394     
   2.1222724460840992        8.2642852294268394     
   2.5110874041190341        8.2642852294268394     
   2.8999023621539690        8.2642852294268394     
   3.2887173201889039        8.2642852294268394     
   3.6775322782238389        8.2642852294268394     
   4.0663472362587729        8.2642852294268394     
  -2.1546920923001829        8.7240729818670921     
  -1.7658771342652482        8.7240729818670921     
  -1.3770621762303135        8.7240729818670921     
 -0.98824721819537853        8.7240729818670921     
 -0.59943226016044404        8.7240729818670921     
 -0.21061730212550911        8.7240729818670921     
  0.17819765590942582        8.7240729818670921     
  0.56701261394436031        8.7240729818670921     
  0.95582757197929524        8.7240729818670921     
   1.3446425300142302        8.7240729818670921     
   1.7334574880491651        8.7240729818670921     
   2.1222724460840992        8.7240729818670921     
   2.5110874041190341        8.7240729818670921     
   2.8999023621539690        8.7240729818670921     
   3.2887173201889039        8.7240729818670921     
   3.6775322782238389        8.7240729818670921     
   4.0663472362587729        8.7240729818670921     
  -1.7658771342652482        9.1838607343073448     
  -1.3770621762303135        9.1838607343073448     
 -0.98824721819537853        9.1838607343073448     
 -0.59943226016044404        9.1838607343073448     
 -0.21061730212550911        9.1838607343073448     
  0.17819765590942582        9.1838607343073448     
  0.56701261394436031        9.1838607343073448     
  0.95582757197929524        9.1838607343073448     
   1.3446425300142302        9.1838607343073448     
   1.7334574880491651        9.1838607343073448     
   2.1222724460840992        9.1838607343073448     
   2.5110874041190341        9.1838607343073448     
   2.8999023621539690        9.1838607343073448     
   3.2887173201889039        9.1838607343073448     
   3.6775322782238389        9.1838607343073448     
  -1.7658771342652482        9.6436484867476011     
  -1.3770621762303135        9.6436484867476011     
 -0.98824721819537853        9.6436484867476011     
 -0.59943226016044404        9.6436484867476011     
 -0.21061730212550911        9.6436484867476011     
  0.17819765590942582        9.6436484867476011     
  0.56701261394436031        9.6436484867476011     
  0.95582757197929524        9.6436484867476011     
   1.3446425300142302        9.6436484867476011     
   1.7334574880491651        9.6436484867476011     
   2.1222724460840992        9.6436484867476011     
   2.5110874041190341        9.6436484867476011     
   2.8999023621539690        9.6436484867476011     
   3.2887173201889039        9.6436484867476011     
  -1.7658771342652482        10.103436239187854     
  -1.3770621762303135        10.103436239187854     
 -0.98824721819537853        10.103436239187854     
 -0.59943226016044404        10.103436239187854     
 -0.21061730212550911        10.103436239187854     
  0.17819765590942582        10.103436239187854     
  0.56701261394436031        10.103436239187854     
  0.95582757197929524        10.103436239187854     
   1.3446425300142302        10.103436239187854     
   1.7334574880491651        10.103436239187854     
   2.1222724460840992        10.103436239187854     
   2.5110874041190341        10.103436239187854     
   2.8999023621539690        10.103436239187854     
   3.2887173201889039        10.103436239187854     
  -1.7658771342652482        10.563223991628107     
  -1.3770621762303135        10.563223991628107     
 -0.98824721819537853        10.563223991628107     
 -0.59943226016044404        10.563223991628107     
 -0.21061730212550911        10.563223991628107     
  0.17819765590942582        10.563223991628107     
  0.56701261394436031        10.563223991628107     
  0.95582757197929524        10.563223991628107     
   1.3446425300142302        10.563223991628107     
   1.7334574880491651        10.563223991628107     
   2.1222724460840992        10.563223991628107     
   2.5110874041190341        10.563223991628107     
   2.8999023621539690        10.563223991628107     
  -1.7658771342652482        11.023011744068359     
  -1.3770621762303135        11.023011744068359     
 -0.98824721819537853        11.023011744068359     
 -0.59943226016044404        11.023011744068359     
 -0.21061730212550911        11.023011744068359     
  0.17819765590942582        11.023011744068359     
  0.56701261394436031        11.023011744068359     
  0.95582757197929524        11.023011744068359     
   1.3446425300142302        11.023011744068359     
   1.7334574880491651        11.023011744068359     
   2.1222724460840992        11.023011744068359     
   2.5110874041190341        11.023011744068359     
   2.8999023621539690        11.023011744068359     
  -1.3770621762303135        11.482799496508612     
 -0.98824721819537853        11.482799496508612     
 -0.59943226016044404        11.482799496508612     
 -0.21061730212550911        11.482799496508612     
  0.17819765590942582        11.482799496508612     
  0.56701261394436031        11.482799496508612     
  0.95582757197929524        11.482799496508612     
   1.3446425300142302        11.482799496508612     
   1.7334574880491651        11.482799496508612     
   2.1222724460840992        11.482799496508612     
   2.5110874041190341        11.482799496508612     
  -1.3770621762303135        11.942587248948868     
 -0.98824721819537853        11.942587248948868     
 -0.59943226016044404        11.942587248948868     
 -0.21061730212550911        11.942587248948868     
  0.17819765590942582        11.942587248948868     
  0.56701261394436031        11.942587248948868     
  0.95582757197929524        11.942587248948868     
   1.3446425300142302        11.942587248948868     
   1.7334574880491651        11.942587248948868     
   2.1222724460840992        11.942587248948868     
   2.5110874041190341        11.942587248948868     
  -1.3770621762303135        12.402375001389121     
 -0.98824721819537853        12.402375001389121     
 -0.59943226016044404        12.402375001389121     
 -0.21061730212550911        12.402375001389121     
  0.17819765590942582        12.402375001389121     
  0.56701261394436031        12.402375001389121     
  0.95582757197929524        12.402375001389121     
   1.3446425300142302        12.402375001389121     
   1.7334574880491651        12.402375001389121     
   2.1222724460840992        12.402375001389121     
  -1.3770621762303135        12.862162753829374     
 -0.98824721819537853        12.862162753829374     
 -0.59943226016044404        12.862162753829374     
 -0.21061730212550911        12.862162753829374     
  0.17819765590942582        12.862162753829374     
  0.56701261394436031        12.862162753829374     
  0.95582757197929524        12.862162753829374     
   1.3446425300142302        12.862162753829374     
   1.7334574880491651        12.862162753829374     
   2.1222724460840992        12.862162753829374     
  -1.3770621762303135        13.321950506269630     
 -0.98824721819537853        13.321950506269630     
 -0.59943226016044404        13.321950506269630     
 -0.21061730212550911        13.321950506269630     
  0.17819765590942582        13.321950506269630     
  0.56701261394436031        13.321950506269630     
  0.95582757197929524        13.321950506269630     
   1.3446425300142302        13.321950506269630     
   1.7334574880491651        13.321950506269630     
   2.1222724460840992        13.321950506269630     
  -1.3770621762303135        13.781738258709883     
 -0.98824721819537853        13.781738258709883     
 -0.59943226016044404        13.781738258709883     
 -0.21061730212550911        13.781738258709883     
  0.17819765590942582        13.781738258709883     
  0.56701261394436031        13.781738258709883     
  0.95582757197929524        13.781738258709883     
   1.3446425300142302        13.781738258709883     
   1.7334574880491651        13.781738258709883     
 -0.98824721819537853        14.241526011150135     
 -0.59943226016044404        14.241526011150135     
 -0.21061730212550911        14.241526011150135     
  0.17819765590942582        14.241526011150135     
  0.56701261394436031        14.241526011150135     
  0.95582757197929524        14.241526011150135     
   1.3446425300142302        14.241526011150135     
   1.7334574880491651        14.241526011150135     
 -0.98824721819537853        14.701313763590388     
 -0.59943226016044404        14.701313763590388     
 -0.21061730212550911        14.701313763590388     
  0.17819765590942582        14.701313763590388     
  0.56701261394436031        14.701313763590388     
  0.95582757197929524        14.701313763590388     
   1.3446425300142302        14.701313763590388     
 -0.98824721819537853        15.161101516030641     
 -0.59943226016044404        15.161101516030641     
 -0.21061730212550911        15.161101516030641     
  0.17819765590942582        15.161101516030641     
  0.56701261394436031        15.161101516030641     
  0.95582757197929524        15.161101516030641     
   1.3446425300142302        15.161101516030641     
 -0.98824721819537853        15.620889268470897     
 -0.59943226016044404        15.620889268470897     
 -0.21061730212550911        15.620889268470897     
  0.17819765590942582        15.620889268470897     
  0.56701261394436031        15.620889268470897     
  0.95582757197929524        15.620889268470897     
   1.3446425300142302        15.620889268470897     
 -0.98824721819537853        16.080677020911150     
 -0.59943226016044404        16.080677020911150     
 -0.21061730212550911        16.080677020911150     
  0.17819765590942582        16.080677020911150     
  0.56701261394436031        16.080677020911150     
  0.95582757197929524        16.080677020911150     
   1.3446425300142302        16.080677020911150     
 -0.98824721819537853        16.540464773351403     
 -0.59943226016044404        16.540464773351403     
 -0.21061730212550911        16.540464773351403     
  0.17819765590942582        16.540464773351403     
  0.56701261394436031        16.540464773351403     
  0.95582757197929524        16.540464773351403     
 -0.59943226016044404        17.000252525791655     
 -0.21061730212550911        17.000252525791655     
  0.17819765590942582        17.000252525791655     
  0.56701261394436031        17.000252525791655     
  0.95582757197929524        17.000252525791655     
 -0.59943226016044404        17.460040278231908     
 -0.21061730212550911        17.460040278231908     
  0.17819765590942582        17.460040278231908     
  0.56701261394436031        17.460040278231908     
  0.95582757197929524        17.460040278231908     
 -0.59943226016044404        17.919828030672164     
 -0.21061730212550911        17.919828030672164     
  0.17819765590942582        17.919828030672164     
  0.56701261394436031        17.919828030672164     
 -0.59943226016044404        18.379615783112417     
 -0.21061730212550911        18.379615783112417     
  0.17819765590942582        18.379615783112417     
  0.56701261394436031        18.379615783112417     
 -0.59943226016044404        18.839403535552670     
 -0.21061730212550911        18.839403535552670     
  0.17819765590942582        18.839403535552670     
  0.56701261394436031        18.839403535552670     
 -0.21061730212550911        19.299191287992922     
  0.17819765590942582        19.299191287992922     
  0.56701261394436031        19.299191287992922     
