 -0.85915349333492319       -3.9232801310989438     
 -0.64630602340486654       -3.9232801310989438     
 -0.43345855347480988       -3.9232801310989438     
 -0.22061108354475323       -3.9232801310989438     
  -7.7636136146965740E-003  -3.9232801310989438     
  0.20508385631536008       -3.9232801310989438     
  0.41793132624541673       -3.9232801310989438     
  0.63077879617547428       -3.9232801310989438     
  0.84362626610553093       -3.9232801310989438     
  -3.6261706024256615       -3.7254856041153874     
  -3.4133231324956048       -3.7254856041153874     
  -3.2004756625655482       -3.7254856041153874     
  -2.9876281926354911       -3.7254856041153874     
  -2.7747807227054344       -3.7254856041153874     
  -2.5619332527753778       -3.7254856041153874     
  -2.3490857828453207       -3.7254856041153874     
  -2.1362383129152640       -3.7254856041153874     
  -1.9233908429852073       -3.7254856041153874     
  -1.7105433730551507       -3.7254856041153874     
  -1.4976959031250940       -3.7254856041153874     
  -1.2848484331950374       -3.7254856041153874     
  -1.0720009632649807       -3.7254856041153874     
 -0.85915349333492319       -3.7254856041153874     
 -0.64630602340486654       -3.7254856041153874     
 -0.43345855347480988       -3.7254856041153874     
 -0.22061108354475323       -3.7254856041153874     
  -7.7636136146965740E-003  -3.7254856041153874     
  0.20508385631536008       -3.7254856041153874     
  0.41793132624541673       -3.7254856041153874     
  0.63077879617547428       -3.7254856041153874     
  0.84362626610553093       -3.7254856041153874     
   1.0564737360355876       -3.7254856041153874     
   1.2693212059656442       -3.7254856041153874     
   1.4821686758957009       -3.7254856041153874     
   1.6950161458257575       -3.7254856041153874     
   1.9078636157558142       -3.7254856041153874     
   2.1207110856858709       -3.7254856041153874     
   2.3335585556159275       -3.7254856041153874     
   2.5464060255459851       -3.7254856041153874     
   2.7592534954760408       -3.7254856041153874     
   2.9721009654060984       -3.7254856041153874     
   3.1849484353361541       -3.7254856041153874     
   3.3977959052662117       -3.7254856041153874     
   3.6106433751962692       -3.7254856041153874     
  -4.4775604821458881       -3.5276910771318311     
  -4.2647130122158323       -3.5276910771318311     
  -4.0518655422857748       -3.5276910771318311     
  -3.8390180723557181       -3.5276910771318311     
  -3.6261706024256615       -3.5276910771318311     
  -3.4133231324956048       -3.5276910771318311     
  -3.2004756625655482       -3.5276910771318311     
  -2.9876281926354911       -3.5276910771318311     
  -2.7747807227054344       -3.5276910771318311     
  -2.5619332527753778       -3.5276910771318311     
  -2.3490857828453207       -3.5276910771318311     
  -2.1362383129152640       -3.5276910771318311     
  -1.9233908429852073       -3.5276910771318311     
  -1.7105433730551507       -3.5276910771318311     
  -1.4976959031250940       -3.5276910771318311     
  -1.2848484331950374       -3.5276910771318311     
  -1.0720009632649807       -3.5276910771318311     
 -0.85915349333492319       -3.5276910771318311     
 -0.64630602340486654       -3.5276910771318311     
 -0.43345855347480988       -3.5276910771318311     
 -0.22061108354475323       -3.5276910771318311     
  -7.7636136146965740E-003  -3.5276910771318311     
  0.20508385631536008       -3.5276910771318311     
  0.41793132624541673       -3.5276910771318311     
  0.63077879617547428       -3.5276910771318311     
  0.84362626610553093       -3.5276910771318311     
   1.0564737360355876       -3.5276910771318311     
   1.2693212059656442       -3.5276910771318311     
   1.4821686758957009       -3.5276910771318311     
   1.6950161458257575       -3.5276910771318311     
   1.9078636157558142       -3.5276910771318311     
   2.1207110856858709       -3.5276910771318311     
   2.3335585556159275       -3.5276910771318311     
   2.5464060255459851       -3.5276910771318311     
   2.7592534954760408       -3.5276910771318311     
   2.9721009654060984       -3.5276910771318311     
   3.1849484353361541       -3.5276910771318311     
   3.3977959052662117       -3.5276910771318311     
   3.6106433751962692       -3.5276910771318311     
   3.8234908451263250       -3.5276910771318311     
   4.0363383150563825       -3.5276910771318311     
   4.2491857849864383       -3.5276910771318311     
   4.4620332549164958       -3.5276910771318311     
  -4.9032554220060023       -3.3298965501482747     
  -4.6904079520759456       -3.3298965501482747     
  -4.4775604821458881       -3.3298965501482747     
  -4.2647130122158323       -3.3298965501482747     
  -4.0518655422857748       -3.3298965501482747     
  -3.8390180723557181       -3.3298965501482747     
  -3.6261706024256615       -3.3298965501482747     
  -3.4133231324956048       -3.3298965501482747     
  -3.2004756625655482       -3.3298965501482747     
  -2.9876281926354911       -3.3298965501482747     
  -2.7747807227054344       -3.3298965501482747     
  -2.5619332527753778       -3.3298965501482747     
  -2.3490857828453207       -3.3298965501482747     
  -2.1362383129152640       -3.3298965501482747     
  -1.9233908429852073       -3.3298965501482747     
  -1.7105433730551507       -3.3298965501482747     
  -1.4976959031250940       -3.3298965501482747     
  -1.2848484331950374       -3.3298965501482747     
  -1.0720009632649807       -3.3298965501482747     
 -0.85915349333492319       -3.3298965501482747     
 -0.64630602340486654       -3.3298965501482747     
 -0.43345855347480988       -3.3298965501482747     
 -0.22061108354475323       -3.3298965501482747     
  -7.7636136146965740E-003  -3.3298965501482747     
  0.20508385631536008       -3.3298965501482747     
  0.41793132624541673       -3.3298965501482747     
  0.63077879617547428       -3.3298965501482747     
  0.84362626610553093       -3.3298965501482747     
   1.0564737360355876       -3.3298965501482747     
   1.2693212059656442       -3.3298965501482747     
   1.4821686758957009       -3.3298965501482747     
   1.6950161458257575       -3.3298965501482747     
   1.9078636157558142       -3.3298965501482747     
   2.1207110856858709       -3.3298965501482747     
   2.3335585556159275       -3.3298965501482747     
   2.5464060255459851       -3.3298965501482747     
   2.7592534954760408       -3.3298965501482747     
   2.9721009654060984       -3.3298965501482747     
   3.1849484353361541       -3.3298965501482747     
   3.3977959052662117       -3.3298965501482747     
   3.6106433751962692       -3.3298965501482747     
   3.8234908451263250       -3.3298965501482747     
   4.0363383150563825       -3.3298965501482747     
   4.2491857849864383       -3.3298965501482747     
   4.4620332549164958       -3.3298965501482747     
   4.6748807248465516       -3.3298965501482747     
   4.8877281947766091       -3.3298965501482747     
  -5.1161028919360589       -3.1321020231647183     
  -4.9032554220060023       -3.1321020231647183     
  -4.6904079520759456       -3.1321020231647183     
  -4.4775604821458881       -3.1321020231647183     
  -4.2647130122158323       -3.1321020231647183     
  -4.0518655422857748       -3.1321020231647183     
  -3.8390180723557181       -3.1321020231647183     
  -3.6261706024256615       -3.1321020231647183     
  -3.4133231324956048       -3.1321020231647183     
  -3.2004756625655482       -3.1321020231647183     
  -2.9876281926354911       -3.1321020231647183     
  -2.7747807227054344       -3.1321020231647183     
  -2.5619332527753778       -3.1321020231647183     
  -2.3490857828453207       -3.1321020231647183     
  -2.1362383129152640       -3.1321020231647183     
  -1.9233908429852073       -3.1321020231647183     
  -1.7105433730551507       -3.1321020231647183     
  -1.4976959031250940       -3.1321020231647183     
  -1.2848484331950374       -3.1321020231647183     
  -1.0720009632649807       -3.1321020231647183     
 -0.85915349333492319       -3.1321020231647183     
 -0.64630602340486654       -3.1321020231647183     
 -0.43345855347480988       -3.1321020231647183     
 -0.22061108354475323       -3.1321020231647183     
  -7.7636136146965740E-003  -3.1321020231647183     
  0.20508385631536008       -3.1321020231647183     
  0.41793132624541673       -3.1321020231647183     
  0.63077879617547428       -3.1321020231647183     
  0.84362626610553093       -3.1321020231647183     
   1.0564737360355876       -3.1321020231647183     
   1.2693212059656442       -3.1321020231647183     
   1.4821686758957009       -3.1321020231647183     
   1.6950161458257575       -3.1321020231647183     
   1.9078636157558142       -3.1321020231647183     
   2.1207110856858709       -3.1321020231647183     
   2.3335585556159275       -3.1321020231647183     
   2.5464060255459851       -3.1321020231647183     
   2.7592534954760408       -3.1321020231647183     
   2.9721009654060984       -3.1321020231647183     
   3.1849484353361541       -3.1321020231647183     
   3.3977959052662117       -3.1321020231647183     
   3.6106433751962692       -3.1321020231647183     
   3.8234908451263250       -3.1321020231647183     
   4.0363383150563825       -3.1321020231647183     
   4.2491857849864383       -3.1321020231647183     
   4.4620332549164958       -3.1321020231647183     
   4.6748807248465516       -3.1321020231647183     
   4.8877281947766091       -3.1321020231647183     
   5.1005756647066667       -3.1321020231647183     
  -5.1161028919360589       -2.9343074961811619     
  -4.9032554220060023       -2.9343074961811619     
  -4.6904079520759456       -2.9343074961811619     
  -4.4775604821458881       -2.9343074961811619     
  -4.2647130122158323       -2.9343074961811619     
  -4.0518655422857748       -2.9343074961811619     
  -3.8390180723557181       -2.9343074961811619     
  -3.6261706024256615       -2.9343074961811619     
  -3.4133231324956048       -2.9343074961811619     
  -3.2004756625655482       -2.9343074961811619     
  -2.9876281926354911       -2.9343074961811619     
  -2.7747807227054344       -2.9343074961811619     
  -2.5619332527753778       -2.9343074961811619     
  -2.3490857828453207       -2.9343074961811619     
  -2.1362383129152640       -2.9343074961811619     
  -1.9233908429852073       -2.9343074961811619     
  -1.7105433730551507       -2.9343074961811619     
  -1.4976959031250940       -2.9343074961811619     
  -1.2848484331950374       -2.9343074961811619     
  -1.0720009632649807       -2.9343074961811619     
 -0.85915349333492319       -2.9343074961811619     
 -0.64630602340486654       -2.9343074961811619     
 -0.43345855347480988       -2.9343074961811619     
 -0.22061108354475323       -2.9343074961811619     
  -7.7636136146965740E-003  -2.9343074961811619     
  0.20508385631536008       -2.9343074961811619     
  0.41793132624541673       -2.9343074961811619     
  0.63077879617547428       -2.9343074961811619     
  0.84362626610553093       -2.9343074961811619     
   1.0564737360355876       -2.9343074961811619     
   1.2693212059656442       -2.9343074961811619     
   1.4821686758957009       -2.9343074961811619     
   1.6950161458257575       -2.9343074961811619     
   1.9078636157558142       -2.9343074961811619     
   2.1207110856858709       -2.9343074961811619     
   2.3335585556159275       -2.9343074961811619     
   2.5464060255459851       -2.9343074961811619     
   2.7592534954760408       -2.9343074961811619     
   2.9721009654060984       -2.9343074961811619     
   3.1849484353361541       -2.9343074961811619     
   3.3977959052662117       -2.9343074961811619     
   3.6106433751962692       -2.9343074961811619     
   3.8234908451263250       -2.9343074961811619     
   4.0363383150563825       -2.9343074961811619     
   4.2491857849864383       -2.9343074961811619     
   4.4620332549164958       -2.9343074961811619     
   4.6748807248465516       -2.9343074961811619     
   4.8877281947766091       -2.9343074961811619     
   5.1005756647066667       -2.9343074961811619     
  -5.1161028919360589       -2.7365129691976056     
  -4.9032554220060023       -2.7365129691976056     
  -4.6904079520759456       -2.7365129691976056     
  -4.4775604821458881       -2.7365129691976056     
  -4.2647130122158323       -2.7365129691976056     
  -4.0518655422857748       -2.7365129691976056     
  -3.8390180723557181       -2.7365129691976056     
  -3.6261706024256615       -2.7365129691976056     
  -3.4133231324956048       -2.7365129691976056     
  -3.2004756625655482       -2.7365129691976056     
  -2.9876281926354911       -2.7365129691976056     
  -2.7747807227054344       -2.7365129691976056     
  -2.5619332527753778       -2.7365129691976056     
  -2.3490857828453207       -2.7365129691976056     
  -2.1362383129152640       -2.7365129691976056     
  -1.9233908429852073       -2.7365129691976056     
  -1.7105433730551507       -2.7365129691976056     
  -1.4976959031250940       -2.7365129691976056     
  -1.2848484331950374       -2.7365129691976056     
  -1.0720009632649807       -2.7365129691976056     
 -0.85915349333492319       -2.7365129691976056     
 -0.64630602340486654       -2.7365129691976056     
 -0.43345855347480988       -2.7365129691976056     
 -0.22061108354475323       -2.7365129691976056     
  -7.7636136146965740E-003  -2.7365129691976056     
  0.20508385631536008       -2.7365129691976056     
  0.41793132624541673       -2.7365129691976056     
  0.63077879617547428       -2.7365129691976056     
  0.84362626610553093       -2.7365129691976056     
   1.0564737360355876       -2.7365129691976056     
   1.2693212059656442       -2.7365129691976056     
   1.4821686758957009       -2.7365129691976056     
   1.6950161458257575       -2.7365129691976056     
   1.9078636157558142       -2.7365129691976056     
   2.1207110856858709       -2.7365129691976056     
   2.3335585556159275       -2.7365129691976056     
   2.5464060255459851       -2.7365129691976056     
   2.7592534954760408       -2.7365129691976056     
   2.9721009654060984       -2.7365129691976056     
   3.1849484353361541       -2.7365129691976056     
   3.3977959052662117       -2.7365129691976056     
   3.6106433751962692       -2.7365129691976056     
   3.8234908451263250       -2.7365129691976056     
   4.0363383150563825       -2.7365129691976056     
   4.2491857849864383       -2.7365129691976056     
   4.4620332549164958       -2.7365129691976056     
   4.6748807248465516       -2.7365129691976056     
   4.8877281947766091       -2.7365129691976056     
   5.1005756647066667       -2.7365129691976056     
   5.3134231346367224       -2.7365129691976056     
  -5.3289503618661156       -2.5387184422140492     
  -5.1161028919360589       -2.5387184422140492     
  -4.9032554220060023       -2.5387184422140492     
  -4.6904079520759456       -2.5387184422140492     
  -4.4775604821458881       -2.5387184422140492     
  -4.2647130122158323       -2.5387184422140492     
  -4.0518655422857748       -2.5387184422140492     
  -3.8390180723557181       -2.5387184422140492     
  -3.6261706024256615       -2.5387184422140492     
  -3.4133231324956048       -2.5387184422140492     
  -3.2004756625655482       -2.5387184422140492     
  -2.9876281926354911       -2.5387184422140492     
  -2.7747807227054344       -2.5387184422140492     
  -2.5619332527753778       -2.5387184422140492     
  -2.3490857828453207       -2.5387184422140492     
  -2.1362383129152640       -2.5387184422140492     
  -1.9233908429852073       -2.5387184422140492     
  -1.7105433730551507       -2.5387184422140492     
  -1.4976959031250940       -2.5387184422140492     
  -1.2848484331950374       -2.5387184422140492     
  -1.0720009632649807       -2.5387184422140492     
 -0.85915349333492319       -2.5387184422140492     
 -0.64630602340486654       -2.5387184422140492     
 -0.43345855347480988       -2.5387184422140492     
 -0.22061108354475323       -2.5387184422140492     
  -7.7636136146965740E-003  -2.5387184422140492     
  0.20508385631536008       -2.5387184422140492     
  0.41793132624541673       -2.5387184422140492     
  0.63077879617547428       -2.5387184422140492     
  0.84362626610553093       -2.5387184422140492     
   1.0564737360355876       -2.5387184422140492     
   1.2693212059656442       -2.5387184422140492     
   1.4821686758957009       -2.5387184422140492     
   1.6950161458257575       -2.5387184422140492     
   1.9078636157558142       -2.5387184422140492     
   2.1207110856858709       -2.5387184422140492     
   2.3335585556159275       -2.5387184422140492     
   2.5464060255459851       -2.5387184422140492     
   2.7592534954760408       -2.5387184422140492     
   2.9721009654060984       -2.5387184422140492     
   3.1849484353361541       -2.5387184422140492     
   3.3977959052662117       -2.5387184422140492     
   3.6106433751962692       -2.5387184422140492     
   3.8234908451263250       -2.5387184422140492     
   4.0363383150563825       -2.5387184422140492     
   4.2491857849864383       -2.5387184422140492     
   4.4620332549164958       -2.5387184422140492     
   4.6748807248465516       -2.5387184422140492     
   4.8877281947766091       -2.5387184422140492     
   5.1005756647066667       -2.5387184422140492     
   5.3134231346367224       -2.5387184422140492     
  -5.3289503618661156       -2.3409239152304928     
  -5.1161028919360589       -2.3409239152304928     
  -4.9032554220060023       -2.3409239152304928     
  -4.6904079520759456       -2.3409239152304928     
  -4.4775604821458881       -2.3409239152304928     
  -4.2647130122158323       -2.3409239152304928     
  -4.0518655422857748       -2.3409239152304928     
  -3.8390180723557181       -2.3409239152304928     
  -3.6261706024256615       -2.3409239152304928     
  -3.4133231324956048       -2.3409239152304928     
  -3.2004756625655482       -2.3409239152304928     
  -2.9876281926354911       -2.3409239152304928     
  -2.7747807227054344       -2.3409239152304928     
  -2.5619332527753778       -2.3409239152304928     
  -2.3490857828453207       -2.3409239152304928     
  -2.1362383129152640       -2.3409239152304928     
  -1.9233908429852073       -2.3409239152304928     
  -1.7105433730551507       -2.3409239152304928     
  -1.4976959031250940       -2.3409239152304928     
  -1.2848484331950374       -2.3409239152304928     
  -1.0720009632649807       -2.3409239152304928     
 -0.85915349333492319       -2.3409239152304928     
 -0.64630602340486654       -2.3409239152304928     
 -0.43345855347480988       -2.3409239152304928     
 -0.22061108354475323       -2.3409239152304928     
  -7.7636136146965740E-003  -2.3409239152304928     
  0.20508385631536008       -2.3409239152304928     
  0.41793132624541673       -2.3409239152304928     
  0.63077879617547428       -2.3409239152304928     
  0.84362626610553093       -2.3409239152304928     
   1.0564737360355876       -2.3409239152304928     
   1.2693212059656442       -2.3409239152304928     
   1.4821686758957009       -2.3409239152304928     
   1.6950161458257575       -2.3409239152304928     
   1.9078636157558142       -2.3409239152304928     
   2.1207110856858709       -2.3409239152304928     
   2.3335585556159275       -2.3409239152304928     
   2.5464060255459851       -2.3409239152304928     
   2.7592534954760408       -2.3409239152304928     
   2.9721009654060984       -2.3409239152304928     
   3.1849484353361541       -2.3409239152304928     
   3.3977959052662117       -2.3409239152304928     
   3.6106433751962692       -2.3409239152304928     
   3.8234908451263250       -2.3409239152304928     
   4.0363383150563825       -2.3409239152304928     
   4.2491857849864383       -2.3409239152304928     
   4.4620332549164958       -2.3409239152304928     
   4.6748807248465516       -2.3409239152304928     
   4.8877281947766091       -2.3409239152304928     
   5.1005756647066667       -2.3409239152304928     
   5.3134231346367224       -2.3409239152304928     
  -5.1161028919360589       -2.1431293882469364     
  -4.9032554220060023       -2.1431293882469364     
  -4.6904079520759456       -2.1431293882469364     
  -4.4775604821458881       -2.1431293882469364     
  -4.2647130122158323       -2.1431293882469364     
  -4.0518655422857748       -2.1431293882469364     
  -3.8390180723557181       -2.1431293882469364     
  -3.6261706024256615       -2.1431293882469364     
  -3.4133231324956048       -2.1431293882469364     
  -3.2004756625655482       -2.1431293882469364     
  -2.9876281926354911       -2.1431293882469364     
  -2.7747807227054344       -2.1431293882469364     
  -2.5619332527753778       -2.1431293882469364     
  -2.3490857828453207       -2.1431293882469364     
  -2.1362383129152640       -2.1431293882469364     
  -1.9233908429852073       -2.1431293882469364     
  -1.7105433730551507       -2.1431293882469364     
  -1.4976959031250940       -2.1431293882469364     
  -1.2848484331950374       -2.1431293882469364     
  -1.0720009632649807       -2.1431293882469364     
 -0.85915349333492319       -2.1431293882469364     
 -0.64630602340486654       -2.1431293882469364     
 -0.43345855347480988       -2.1431293882469364     
 -0.22061108354475323       -2.1431293882469364     
  -7.7636136146965740E-003  -2.1431293882469364     
  0.20508385631536008       -2.1431293882469364     
  0.41793132624541673       -2.1431293882469364     
  0.63077879617547428       -2.1431293882469364     
  0.84362626610553093       -2.1431293882469364     
   1.0564737360355876       -2.1431293882469364     
   1.2693212059656442       -2.1431293882469364     
   1.4821686758957009       -2.1431293882469364     
   1.6950161458257575       -2.1431293882469364     
   1.9078636157558142       -2.1431293882469364     
   2.1207110856858709       -2.1431293882469364     
   2.3335585556159275       -2.1431293882469364     
   2.5464060255459851       -2.1431293882469364     
   2.7592534954760408       -2.1431293882469364     
   2.9721009654060984       -2.1431293882469364     
   3.1849484353361541       -2.1431293882469364     
   3.3977959052662117       -2.1431293882469364     
   3.6106433751962692       -2.1431293882469364     
   3.8234908451263250       -2.1431293882469364     
   4.0363383150563825       -2.1431293882469364     
   4.2491857849864383       -2.1431293882469364     
   4.4620332549164958       -2.1431293882469364     
   4.6748807248465516       -2.1431293882469364     
   4.8877281947766091       -2.1431293882469364     
   5.1005756647066667       -2.1431293882469364     
  -5.1161028919360589       -1.9453348612633801     
  -4.9032554220060023       -1.9453348612633801     
  -4.6904079520759456       -1.9453348612633801     
  -4.4775604821458881       -1.9453348612633801     
  -4.2647130122158323       -1.9453348612633801     
  -4.0518655422857748       -1.9453348612633801     
  -3.8390180723557181       -1.9453348612633801     
  -3.6261706024256615       -1.9453348612633801     
  -3.4133231324956048       -1.9453348612633801     
  -3.2004756625655482       -1.9453348612633801     
  -2.9876281926354911       -1.9453348612633801     
  -2.7747807227054344       -1.9453348612633801     
  -2.5619332527753778       -1.9453348612633801     
  -2.3490857828453207       -1.9453348612633801     
  -2.1362383129152640       -1.9453348612633801     
  -1.9233908429852073       -1.9453348612633801     
  -1.7105433730551507       -1.9453348612633801     
  -1.4976959031250940       -1.9453348612633801     
  -1.2848484331950374       -1.9453348612633801     
  -1.0720009632649807       -1.9453348612633801     
 -0.85915349333492319       -1.9453348612633801     
 -0.64630602340486654       -1.9453348612633801     
 -0.43345855347480988       -1.9453348612633801     
 -0.22061108354475323       -1.9453348612633801     
  -7.7636136146965740E-003  -1.9453348612633801     
  0.20508385631536008       -1.9453348612633801     
  0.41793132624541673       -1.9453348612633801     
  0.63077879617547428       -1.9453348612633801     
  0.84362626610553093       -1.9453348612633801     
   1.0564737360355876       -1.9453348612633801     
   1.2693212059656442       -1.9453348612633801     
   1.4821686758957009       -1.9453348612633801     
   1.6950161458257575       -1.9453348612633801     
   1.9078636157558142       -1.9453348612633801     
   2.1207110856858709       -1.9453348612633801     
   2.3335585556159275       -1.9453348612633801     
   2.5464060255459851       -1.9453348612633801     
   2.7592534954760408       -1.9453348612633801     
   2.9721009654060984       -1.9453348612633801     
   3.1849484353361541       -1.9453348612633801     
   3.3977959052662117       -1.9453348612633801     
   3.6106433751962692       -1.9453348612633801     
   3.8234908451263250       -1.9453348612633801     
   4.0363383150563825       -1.9453348612633801     
   4.2491857849864383       -1.9453348612633801     
   4.4620332549164958       -1.9453348612633801     
   4.6748807248465516       -1.9453348612633801     
   4.8877281947766091       -1.9453348612633801     
   5.1005756647066667       -1.9453348612633801     
  -5.1161028919360589       -1.7475403342798237     
  -4.9032554220060023       -1.7475403342798237     
  -4.6904079520759456       -1.7475403342798237     
  -4.4775604821458881       -1.7475403342798237     
  -4.2647130122158323       -1.7475403342798237     
  -4.0518655422857748       -1.7475403342798237     
  -3.8390180723557181       -1.7475403342798237     
  -3.6261706024256615       -1.7475403342798237     
  -3.4133231324956048       -1.7475403342798237     
  -3.2004756625655482       -1.7475403342798237     
  -2.9876281926354911       -1.7475403342798237     
  -2.7747807227054344       -1.7475403342798237     
  -2.5619332527753778       -1.7475403342798237     
  -2.3490857828453207       -1.7475403342798237     
  -2.1362383129152640       -1.7475403342798237     
  -1.9233908429852073       -1.7475403342798237     
  -1.7105433730551507       -1.7475403342798237     
  -1.4976959031250940       -1.7475403342798237     
  -1.2848484331950374       -1.7475403342798237     
  -1.0720009632649807       -1.7475403342798237     
 -0.85915349333492319       -1.7475403342798237     
 -0.64630602340486654       -1.7475403342798237     
 -0.43345855347480988       -1.7475403342798237     
 -0.22061108354475323       -1.7475403342798237     
  -7.7636136146965740E-003  -1.7475403342798237     
  0.20508385631536008       -1.7475403342798237     
  0.41793132624541673       -1.7475403342798237     
  0.63077879617547428       -1.7475403342798237     
  0.84362626610553093       -1.7475403342798237     
   1.0564737360355876       -1.7475403342798237     
   1.2693212059656442       -1.7475403342798237     
   1.4821686758957009       -1.7475403342798237     
   1.6950161458257575       -1.7475403342798237     
   1.9078636157558142       -1.7475403342798237     
   2.1207110856858709       -1.7475403342798237     
   2.3335585556159275       -1.7475403342798237     
   2.5464060255459851       -1.7475403342798237     
   2.7592534954760408       -1.7475403342798237     
   2.9721009654060984       -1.7475403342798237     
   3.1849484353361541       -1.7475403342798237     
   3.3977959052662117       -1.7475403342798237     
   3.6106433751962692       -1.7475403342798237     
   3.8234908451263250       -1.7475403342798237     
   4.0363383150563825       -1.7475403342798237     
   4.2491857849864383       -1.7475403342798237     
   4.4620332549164958       -1.7475403342798237     
   4.6748807248465516       -1.7475403342798237     
   4.8877281947766091       -1.7475403342798237     
   5.1005756647066667       -1.7475403342798237     
  -5.1161028919360589       -1.5497458072962673     
  -4.9032554220060023       -1.5497458072962673     
  -4.6904079520759456       -1.5497458072962673     
  -4.4775604821458881       -1.5497458072962673     
  -4.2647130122158323       -1.5497458072962673     
  -4.0518655422857748       -1.5497458072962673     
  -3.8390180723557181       -1.5497458072962673     
  -3.6261706024256615       -1.5497458072962673     
  -3.4133231324956048       -1.5497458072962673     
  -3.2004756625655482       -1.5497458072962673     
  -2.9876281926354911       -1.5497458072962673     
  -2.7747807227054344       -1.5497458072962673     
  -2.5619332527753778       -1.5497458072962673     
  -2.3490857828453207       -1.5497458072962673     
  -2.1362383129152640       -1.5497458072962673     
  -1.9233908429852073       -1.5497458072962673     
  -1.7105433730551507       -1.5497458072962673     
  -1.4976959031250940       -1.5497458072962673     
  -1.2848484331950374       -1.5497458072962673     
  -1.0720009632649807       -1.5497458072962673     
 -0.85915349333492319       -1.5497458072962673     
 -0.64630602340486654       -1.5497458072962673     
 -0.43345855347480988       -1.5497458072962673     
 -0.22061108354475323       -1.5497458072962673     
  -7.7636136146965740E-003  -1.5497458072962673     
  0.20508385631536008       -1.5497458072962673     
  0.41793132624541673       -1.5497458072962673     
  0.63077879617547428       -1.5497458072962673     
  0.84362626610553093       -1.5497458072962673     
   1.0564737360355876       -1.5497458072962673     
   1.2693212059656442       -1.5497458072962673     
   1.4821686758957009       -1.5497458072962673     
   1.6950161458257575       -1.5497458072962673     
   1.9078636157558142       -1.5497458072962673     
   2.1207110856858709       -1.5497458072962673     
   2.3335585556159275       -1.5497458072962673     
   2.5464060255459851       -1.5497458072962673     
   2.7592534954760408       -1.5497458072962673     
   2.9721009654060984       -1.5497458072962673     
   3.1849484353361541       -1.5497458072962673     
   3.3977959052662117       -1.5497458072962673     
   3.6106433751962692       -1.5497458072962673     
   3.8234908451263250       -1.5497458072962673     
   4.0363383150563825       -1.5497458072962673     
   4.2491857849864383       -1.5497458072962673     
   4.4620332549164958       -1.5497458072962673     
   4.6748807248465516       -1.5497458072962673     
   4.8877281947766091       -1.5497458072962673     
   5.1005756647066667       -1.5497458072962673     
  -4.9032554220060023       -1.3519512803127109     
  -4.6904079520759456       -1.3519512803127109     
  -4.4775604821458881       -1.3519512803127109     
  -4.2647130122158323       -1.3519512803127109     
  -4.0518655422857748       -1.3519512803127109     
  -3.8390180723557181       -1.3519512803127109     
  -3.6261706024256615       -1.3519512803127109     
  -3.4133231324956048       -1.3519512803127109     
  -3.2004756625655482       -1.3519512803127109     
  -2.9876281926354911       -1.3519512803127109     
  -2.7747807227054344       -1.3519512803127109     
  -2.5619332527753778       -1.3519512803127109     
  -2.3490857828453207       -1.3519512803127109     
  -2.1362383129152640       -1.3519512803127109     
  -1.9233908429852073       -1.3519512803127109     
  -1.7105433730551507       -1.3519512803127109     
  -1.4976959031250940       -1.3519512803127109     
  -1.2848484331950374       -1.3519512803127109     
  -1.0720009632649807       -1.3519512803127109     
 -0.85915349333492319       -1.3519512803127109     
 -0.64630602340486654       -1.3519512803127109     
 -0.43345855347480988       -1.3519512803127109     
 -0.22061108354475323       -1.3519512803127109     
  -7.7636136146965740E-003  -1.3519512803127109     
  0.20508385631536008       -1.3519512803127109     
  0.41793132624541673       -1.3519512803127109     
  0.63077879617547428       -1.3519512803127109     
  0.84362626610553093       -1.3519512803127109     
   1.0564737360355876       -1.3519512803127109     
   1.2693212059656442       -1.3519512803127109     
   1.4821686758957009       -1.3519512803127109     
   1.6950161458257575       -1.3519512803127109     
   1.9078636157558142       -1.3519512803127109     
   2.1207110856858709       -1.3519512803127109     
   2.3335585556159275       -1.3519512803127109     
   2.5464060255459851       -1.3519512803127109     
   2.7592534954760408       -1.3519512803127109     
   2.9721009654060984       -1.3519512803127109     
   3.1849484353361541       -1.3519512803127109     
   3.3977959052662117       -1.3519512803127109     
   3.6106433751962692       -1.3519512803127109     
   3.8234908451263250       -1.3519512803127109     
   4.0363383150563825       -1.3519512803127109     
   4.2491857849864383       -1.3519512803127109     
   4.4620332549164958       -1.3519512803127109     
   4.6748807248465516       -1.3519512803127109     
   4.8877281947766091       -1.3519512803127109     
  -4.9032554220060023       -1.1541567533291546     
  -4.6904079520759456       -1.1541567533291546     
  -4.4775604821458881       -1.1541567533291546     
  -4.2647130122158323       -1.1541567533291546     
  -4.0518655422857748       -1.1541567533291546     
  -3.8390180723557181       -1.1541567533291546     
  -3.6261706024256615       -1.1541567533291546     
  -3.4133231324956048       -1.1541567533291546     
  -3.2004756625655482       -1.1541567533291546     
  -2.9876281926354911       -1.1541567533291546     
  -2.7747807227054344       -1.1541567533291546     
  -2.5619332527753778       -1.1541567533291546     
  -2.3490857828453207       -1.1541567533291546     
  -2.1362383129152640       -1.1541567533291546     
  -1.9233908429852073       -1.1541567533291546     
  -1.7105433730551507       -1.1541567533291546     
  -1.4976959031250940       -1.1541567533291546     
  -1.2848484331950374       -1.1541567533291546     
  -1.0720009632649807       -1.1541567533291546     
 -0.85915349333492319       -1.1541567533291546     
 -0.64630602340486654       -1.1541567533291546     
 -0.43345855347480988       -1.1541567533291546     
 -0.22061108354475323       -1.1541567533291546     
  -7.7636136146965740E-003  -1.1541567533291546     
  0.20508385631536008       -1.1541567533291546     
  0.41793132624541673       -1.1541567533291546     
  0.63077879617547428       -1.1541567533291546     
  0.84362626610553093       -1.1541567533291546     
   1.0564737360355876       -1.1541567533291546     
   1.2693212059656442       -1.1541567533291546     
   1.4821686758957009       -1.1541567533291546     
   1.6950161458257575       -1.1541567533291546     
   1.9078636157558142       -1.1541567533291546     
   2.1207110856858709       -1.1541567533291546     
   2.3335585556159275       -1.1541567533291546     
   2.5464060255459851       -1.1541567533291546     
   2.7592534954760408       -1.1541567533291546     
   2.9721009654060984       -1.1541567533291546     
   3.1849484353361541       -1.1541567533291546     
   3.3977959052662117       -1.1541567533291546     
   3.6106433751962692       -1.1541567533291546     
   3.8234908451263250       -1.1541567533291546     
   4.0363383150563825       -1.1541567533291546     
   4.2491857849864383       -1.1541567533291546     
   4.4620332549164958       -1.1541567533291546     
   4.6748807248465516       -1.1541567533291546     
   4.8877281947766091       -1.1541567533291546     
  -4.9032554220060023      -0.95636222634559820     
  -4.6904079520759456      -0.95636222634559820     
  -4.4775604821458881      -0.95636222634559820     
  -4.2647130122158323      -0.95636222634559820     
  -4.0518655422857748      -0.95636222634559820     
  -3.8390180723557181      -0.95636222634559820     
  -3.6261706024256615      -0.95636222634559820     
  -3.4133231324956048      -0.95636222634559820     
  -3.2004756625655482      -0.95636222634559820     
  -2.9876281926354911      -0.95636222634559820     
  -2.7747807227054344      -0.95636222634559820     
  -2.5619332527753778      -0.95636222634559820     
  -2.3490857828453207      -0.95636222634559820     
  -2.1362383129152640      -0.95636222634559820     
  -1.9233908429852073      -0.95636222634559820     
  -1.7105433730551507      -0.95636222634559820     
  -1.4976959031250940      -0.95636222634559820     
  -1.2848484331950374      -0.95636222634559820     
  -1.0720009632649807      -0.95636222634559820     
 -0.85915349333492319      -0.95636222634559820     
 -0.64630602340486654      -0.95636222634559820     
 -0.43345855347480988      -0.95636222634559820     
 -0.22061108354475323      -0.95636222634559820     
  -7.7636136146965740E-003 -0.95636222634559820     
  0.20508385631536008      -0.95636222634559820     
  0.41793132624541673      -0.95636222634559820     
  0.63077879617547428      -0.95636222634559820     
  0.84362626610553093      -0.95636222634559820     
   1.0564737360355876      -0.95636222634559820     
   1.2693212059656442      -0.95636222634559820     
   1.4821686758957009      -0.95636222634559820     
   1.6950161458257575      -0.95636222634559820     
   1.9078636157558142      -0.95636222634559820     
   2.1207110856858709      -0.95636222634559820     
   2.3335585556159275      -0.95636222634559820     
   2.5464060255459851      -0.95636222634559820     
   2.7592534954760408      -0.95636222634559820     
   2.9721009654060984      -0.95636222634559820     
   3.1849484353361541      -0.95636222634559820     
   3.3977959052662117      -0.95636222634559820     
   3.6106433751962692      -0.95636222634559820     
   3.8234908451263250      -0.95636222634559820     
   4.0363383150563825      -0.95636222634559820     
   4.2491857849864383      -0.95636222634559820     
   4.4620332549164958      -0.95636222634559820     
   4.6748807248465516      -0.95636222634559820     
   4.8877281947766091      -0.95636222634559820     
  -4.6904079520759456      -0.75856769936204183     
  -4.4775604821458881      -0.75856769936204183     
  -4.2647130122158323      -0.75856769936204183     
  -4.0518655422857748      -0.75856769936204183     
  -3.8390180723557181      -0.75856769936204183     
  -3.6261706024256615      -0.75856769936204183     
  -3.4133231324956048      -0.75856769936204183     
  -3.2004756625655482      -0.75856769936204183     
  -2.9876281926354911      -0.75856769936204183     
  -2.7747807227054344      -0.75856769936204183     
  -2.5619332527753778      -0.75856769936204183     
  -2.3490857828453207      -0.75856769936204183     
  -2.1362383129152640      -0.75856769936204183     
  -1.9233908429852073      -0.75856769936204183     
  -1.7105433730551507      -0.75856769936204183     
  -1.4976959031250940      -0.75856769936204183     
  -1.2848484331950374      -0.75856769936204183     
  -1.0720009632649807      -0.75856769936204183     
 -0.85915349333492319      -0.75856769936204183     
 -0.64630602340486654      -0.75856769936204183     
 -0.43345855347480988      -0.75856769936204183     
 -0.22061108354475323      -0.75856769936204183     
  -7.7636136146965740E-003 -0.75856769936204183     
  0.20508385631536008      -0.75856769936204183     
  0.41793132624541673      -0.75856769936204183     
  0.63077879617547428      -0.75856769936204183     
  0.84362626610553093      -0.75856769936204183     
   1.0564737360355876      -0.75856769936204183     
   1.2693212059656442      -0.75856769936204183     
   1.4821686758957009      -0.75856769936204183     
   1.6950161458257575      -0.75856769936204183     
   1.9078636157558142      -0.75856769936204183     
   2.1207110856858709      -0.75856769936204183     
   2.3335585556159275      -0.75856769936204183     
   2.5464060255459851      -0.75856769936204183     
   2.7592534954760408      -0.75856769936204183     
   2.9721009654060984      -0.75856769936204183     
   3.1849484353361541      -0.75856769936204183     
   3.3977959052662117      -0.75856769936204183     
   3.6106433751962692      -0.75856769936204183     
   3.8234908451263250      -0.75856769936204183     
   4.0363383150563825      -0.75856769936204183     
   4.2491857849864383      -0.75856769936204183     
   4.4620332549164958      -0.75856769936204183     
   4.6748807248465516      -0.75856769936204183     
  -4.6904079520759456      -0.56077317237848545     
  -4.4775604821458881      -0.56077317237848545     
  -4.2647130122158323      -0.56077317237848545     
  -4.0518655422857748      -0.56077317237848545     
  -3.8390180723557181      -0.56077317237848545     
  -3.6261706024256615      -0.56077317237848545     
  -3.4133231324956048      -0.56077317237848545     
  -3.2004756625655482      -0.56077317237848545     
  -2.9876281926354911      -0.56077317237848545     
  -2.7747807227054344      -0.56077317237848545     
  -2.5619332527753778      -0.56077317237848545     
  -2.3490857828453207      -0.56077317237848545     
  -2.1362383129152640      -0.56077317237848545     
  -1.9233908429852073      -0.56077317237848545     
  -1.7105433730551507      -0.56077317237848545     
  -1.4976959031250940      -0.56077317237848545     
  -1.2848484331950374      -0.56077317237848545     
  -1.0720009632649807      -0.56077317237848545     
 -0.85915349333492319      -0.56077317237848545     
 -0.64630602340486654      -0.56077317237848545     
 -0.43345855347480988      -0.56077317237848545     
 -0.22061108354475323      -0.56077317237848545     
  -7.7636136146965740E-003 -0.56077317237848545     
  0.20508385631536008      -0.56077317237848545     
  0.41793132624541673      -0.56077317237848545     
  0.63077879617547428      -0.56077317237848545     
  0.84362626610553093      -0.56077317237848545     
   1.0564737360355876      -0.56077317237848545     
   1.2693212059656442      -0.56077317237848545     
   1.4821686758957009      -0.56077317237848545     
   1.6950161458257575      -0.56077317237848545     
   1.9078636157558142      -0.56077317237848545     
   2.1207110856858709      -0.56077317237848545     
   2.3335585556159275      -0.56077317237848545     
   2.5464060255459851      -0.56077317237848545     
   2.7592534954760408      -0.56077317237848545     
   2.9721009654060984      -0.56077317237848545     
   3.1849484353361541      -0.56077317237848545     
   3.3977959052662117      -0.56077317237848545     
   3.6106433751962692      -0.56077317237848545     
   3.8234908451263250      -0.56077317237848545     
   4.0363383150563825      -0.56077317237848545     
   4.2491857849864383      -0.56077317237848545     
   4.4620332549164958      -0.56077317237848545     
   4.6748807248465516      -0.56077317237848545     
  -4.4775604821458881      -0.36297864539492908     
  -4.2647130122158323      -0.36297864539492908     
  -4.0518655422857748      -0.36297864539492908     
  -3.8390180723557181      -0.36297864539492908     
  -3.6261706024256615      -0.36297864539492908     
  -3.4133231324956048      -0.36297864539492908     
  -3.2004756625655482      -0.36297864539492908     
  -2.9876281926354911      -0.36297864539492908     
  -2.7747807227054344      -0.36297864539492908     
  -2.5619332527753778      -0.36297864539492908     
  -2.3490857828453207      -0.36297864539492908     
  -2.1362383129152640      -0.36297864539492908     
  -1.9233908429852073      -0.36297864539492908     
  -1.7105433730551507      -0.36297864539492908     
  -1.4976959031250940      -0.36297864539492908     
  -1.2848484331950374      -0.36297864539492908     
  -1.0720009632649807      -0.36297864539492908     
 -0.85915349333492319      -0.36297864539492908     
 -0.64630602340486654      -0.36297864539492908     
 -0.43345855347480988      -0.36297864539492908     
 -0.22061108354475323      -0.36297864539492908     
  -7.7636136146965740E-003 -0.36297864539492908     
  0.20508385631536008      -0.36297864539492908     
  0.41793132624541673      -0.36297864539492908     
  0.63077879617547428      -0.36297864539492908     
  0.84362626610553093      -0.36297864539492908     
   1.0564737360355876      -0.36297864539492908     
   1.2693212059656442      -0.36297864539492908     
   1.4821686758957009      -0.36297864539492908     
   1.6950161458257575      -0.36297864539492908     
   1.9078636157558142      -0.36297864539492908     
   2.1207110856858709      -0.36297864539492908     
   2.3335585556159275      -0.36297864539492908     
   2.5464060255459851      -0.36297864539492908     
   2.7592534954760408      -0.36297864539492908     
   2.9721009654060984      -0.36297864539492908     
   3.1849484353361541      -0.36297864539492908     
   3.3977959052662117      -0.36297864539492908     
   3.6106433751962692      -0.36297864539492908     
   3.8234908451263250      -0.36297864539492908     
   4.0363383150563825      -0.36297864539492908     
   4.2491857849864383      -0.36297864539492908     
   4.4620332549164958      -0.36297864539492908     
  -4.4775604821458881      -0.16518411841137270     
  -4.2647130122158323      -0.16518411841137270     
  -4.0518655422857748      -0.16518411841137270     
  -3.8390180723557181      -0.16518411841137270     
  -3.6261706024256615      -0.16518411841137270     
  -3.4133231324956048      -0.16518411841137270     
  -3.2004756625655482      -0.16518411841137270     
  -2.9876281926354911      -0.16518411841137270     
  -2.7747807227054344      -0.16518411841137270     
  -2.5619332527753778      -0.16518411841137270     
  -2.3490857828453207      -0.16518411841137270     
  -2.1362383129152640      -0.16518411841137270     
  -1.9233908429852073      -0.16518411841137270     
  -1.7105433730551507      -0.16518411841137270     
  -1.4976959031250940      -0.16518411841137270     
  -1.2848484331950374      -0.16518411841137270     
  -1.0720009632649807      -0.16518411841137270     
 -0.85915349333492319      -0.16518411841137270     
 -0.64630602340486654      -0.16518411841137270     
 -0.43345855347480988      -0.16518411841137270     
 -0.22061108354475323      -0.16518411841137270     
  -7.7636136146965740E-003 -0.16518411841137270     
  0.20508385631536008      -0.16518411841137270     
  0.41793132624541673      -0.16518411841137270     
  0.63077879617547428      -0.16518411841137270     
  0.84362626610553093      -0.16518411841137270     
   1.0564737360355876      -0.16518411841137270     
   1.2693212059656442      -0.16518411841137270     
   1.4821686758957009      -0.16518411841137270     
   1.6950161458257575      -0.16518411841137270     
   1.9078636157558142      -0.16518411841137270     
   2.1207110856858709      -0.16518411841137270     
   2.3335585556159275      -0.16518411841137270     
   2.5464060255459851      -0.16518411841137270     
   2.7592534954760408      -0.16518411841137270     
   2.9721009654060984      -0.16518411841137270     
   3.1849484353361541      -0.16518411841137270     
   3.3977959052662117      -0.16518411841137270     
   3.6106433751962692      -0.16518411841137270     
   3.8234908451263250      -0.16518411841137270     
   4.0363383150563825      -0.16518411841137270     
   4.2491857849864383      -0.16518411841137270     
   4.4620332549164958      -0.16518411841137270     
  -4.2647130122158323        3.2610408572183669E-002
  -4.0518655422857748        3.2610408572183669E-002
  -3.8390180723557181        3.2610408572183669E-002
  -3.6261706024256615        3.2610408572183669E-002
  -3.4133231324956048        3.2610408572183669E-002
  -3.2004756625655482        3.2610408572183669E-002
  -2.9876281926354911        3.2610408572183669E-002
  -2.7747807227054344        3.2610408572183669E-002
  -2.5619332527753778        3.2610408572183669E-002
  -2.3490857828453207        3.2610408572183669E-002
  -2.1362383129152640        3.2610408572183669E-002
  -1.9233908429852073        3.2610408572183669E-002
  -1.7105433730551507        3.2610408572183669E-002
  -1.4976959031250940        3.2610408572183669E-002
  -1.2848484331950374        3.2610408572183669E-002
  -1.0720009632649807        3.2610408572183669E-002
 -0.85915349333492319        3.2610408572183669E-002
 -0.64630602340486654        3.2610408572183669E-002
 -0.43345855347480988        3.2610408572183669E-002
 -0.22061108354475323        3.2610408572183669E-002
  -7.7636136146965740E-003   3.2610408572183669E-002
  0.20508385631536008        3.2610408572183669E-002
  0.41793132624541673        3.2610408572183669E-002
  0.63077879617547428        3.2610408572183669E-002
  0.84362626610553093        3.2610408572183669E-002
   1.0564737360355876        3.2610408572183669E-002
   1.2693212059656442        3.2610408572183669E-002
   1.4821686758957009        3.2610408572183669E-002
   1.6950161458257575        3.2610408572183669E-002
   1.9078636157558142        3.2610408572183669E-002
   2.1207110856858709        3.2610408572183669E-002
   2.3335585556159275        3.2610408572183669E-002
   2.5464060255459851        3.2610408572183669E-002
   2.7592534954760408        3.2610408572183669E-002
   2.9721009654060984        3.2610408572183669E-002
   3.1849484353361541        3.2610408572183669E-002
   3.3977959052662117        3.2610408572183669E-002
   3.6106433751962692        3.2610408572183669E-002
   3.8234908451263250        3.2610408572183669E-002
   4.0363383150563825        3.2610408572183669E-002
   4.2491857849864383        3.2610408572183669E-002
  -4.2647130122158323       0.23040493555574004     
  -4.0518655422857748       0.23040493555574004     
  -3.8390180723557181       0.23040493555574004     
  -3.6261706024256615       0.23040493555574004     
  -3.4133231324956048       0.23040493555574004     
  -3.2004756625655482       0.23040493555574004     
  -2.9876281926354911       0.23040493555574004     
  -2.7747807227054344       0.23040493555574004     
  -2.5619332527753778       0.23040493555574004     
  -2.3490857828453207       0.23040493555574004     
  -2.1362383129152640       0.23040493555574004     
  -1.9233908429852073       0.23040493555574004     
  -1.7105433730551507       0.23040493555574004     
  -1.4976959031250940       0.23040493555574004     
  -1.2848484331950374       0.23040493555574004     
  -1.0720009632649807       0.23040493555574004     
 -0.85915349333492319       0.23040493555574004     
 -0.64630602340486654       0.23040493555574004     
 -0.43345855347480988       0.23040493555574004     
 -0.22061108354475323       0.23040493555574004     
  -7.7636136146965740E-003  0.23040493555574004     
  0.20508385631536008       0.23040493555574004     
  0.41793132624541673       0.23040493555574004     
  0.63077879617547428       0.23040493555574004     
  0.84362626610553093       0.23040493555574004     
   1.0564737360355876       0.23040493555574004     
   1.2693212059656442       0.23040493555574004     
   1.4821686758957009       0.23040493555574004     
   1.6950161458257575       0.23040493555574004     
   1.9078636157558142       0.23040493555574004     
   2.1207110856858709       0.23040493555574004     
   2.3335585556159275       0.23040493555574004     
   2.5464060255459851       0.23040493555574004     
   2.7592534954760408       0.23040493555574004     
   2.9721009654060984       0.23040493555574004     
   3.1849484353361541       0.23040493555574004     
   3.3977959052662117       0.23040493555574004     
   3.6106433751962692       0.23040493555574004     
   3.8234908451263250       0.23040493555574004     
   4.0363383150563825       0.23040493555574004     
   4.2491857849864383       0.23040493555574004     
  -4.0518655422857748       0.42819946253929642     
  -3.8390180723557181       0.42819946253929642     
  -3.6261706024256615       0.42819946253929642     
  -3.4133231324956048       0.42819946253929642     
  -3.2004756625655482       0.42819946253929642     
  -2.9876281926354911       0.42819946253929642     
  -2.7747807227054344       0.42819946253929642     
  -2.5619332527753778       0.42819946253929642     
  -2.3490857828453207       0.42819946253929642     
  -2.1362383129152640       0.42819946253929642     
  -1.9233908429852073       0.42819946253929642     
  -1.7105433730551507       0.42819946253929642     
  -1.4976959031250940       0.42819946253929642     
  -1.2848484331950374       0.42819946253929642     
  -1.0720009632649807       0.42819946253929642     
 -0.85915349333492319       0.42819946253929642     
 -0.64630602340486654       0.42819946253929642     
 -0.43345855347480988       0.42819946253929642     
 -0.22061108354475323       0.42819946253929642     
  -7.7636136146965740E-003  0.42819946253929642     
  0.20508385631536008       0.42819946253929642     
  0.41793132624541673       0.42819946253929642     
  0.63077879617547428       0.42819946253929642     
  0.84362626610553093       0.42819946253929642     
   1.0564737360355876       0.42819946253929642     
   1.2693212059656442       0.42819946253929642     
   1.4821686758957009       0.42819946253929642     
   1.6950161458257575       0.42819946253929642     
   1.9078636157558142       0.42819946253929642     
   2.1207110856858709       0.42819946253929642     
   2.3335585556159275       0.42819946253929642     
   2.5464060255459851       0.42819946253929642     
   2.7592534954760408       0.42819946253929642     
   2.9721009654060984       0.42819946253929642     
   3.1849484353361541       0.42819946253929642     
   3.3977959052662117       0.42819946253929642     
   3.6106433751962692       0.42819946253929642     
   3.8234908451263250       0.42819946253929642     
   4.0363383150563825       0.42819946253929642     
   4.2491857849864383       0.42819946253929642     
  -4.0518655422857748       0.62599398952285279     
  -3.8390180723557181       0.62599398952285279     
  -3.6261706024256615       0.62599398952285279     
  -3.4133231324956048       0.62599398952285279     
  -3.2004756625655482       0.62599398952285279     
  -2.9876281926354911       0.62599398952285279     
  -2.7747807227054344       0.62599398952285279     
  -2.5619332527753778       0.62599398952285279     
  -2.3490857828453207       0.62599398952285279     
  -2.1362383129152640       0.62599398952285279     
  -1.9233908429852073       0.62599398952285279     
  -1.7105433730551507       0.62599398952285279     
  -1.4976959031250940       0.62599398952285279     
  -1.2848484331950374       0.62599398952285279     
  -1.0720009632649807       0.62599398952285279     
 -0.85915349333492319       0.62599398952285279     
 -0.64630602340486654       0.62599398952285279     
 -0.43345855347480988       0.62599398952285279     
 -0.22061108354475323       0.62599398952285279     
  -7.7636136146965740E-003  0.62599398952285279     
  0.20508385631536008       0.62599398952285279     
  0.41793132624541673       0.62599398952285279     
  0.63077879617547428       0.62599398952285279     
  0.84362626610553093       0.62599398952285279     
   1.0564737360355876       0.62599398952285279     
   1.2693212059656442       0.62599398952285279     
   1.4821686758957009       0.62599398952285279     
   1.6950161458257575       0.62599398952285279     
   1.9078636157558142       0.62599398952285279     
   2.1207110856858709       0.62599398952285279     
   2.3335585556159275       0.62599398952285279     
   2.5464060255459851       0.62599398952285279     
   2.7592534954760408       0.62599398952285279     
   2.9721009654060984       0.62599398952285279     
   3.1849484353361541       0.62599398952285279     
   3.3977959052662117       0.62599398952285279     
   3.6106433751962692       0.62599398952285279     
   3.8234908451263250       0.62599398952285279     
   4.0363383150563825       0.62599398952285279     
  -3.8390180723557181       0.82378851650640916     
  -3.6261706024256615       0.82378851650640916     
  -3.4133231324956048       0.82378851650640916     
  -3.2004756625655482       0.82378851650640916     
  -2.9876281926354911       0.82378851650640916     
  -2.7747807227054344       0.82378851650640916     
  -2.5619332527753778       0.82378851650640916     
  -2.3490857828453207       0.82378851650640916     
  -2.1362383129152640       0.82378851650640916     
  -1.9233908429852073       0.82378851650640916     
  -1.7105433730551507       0.82378851650640916     
  -1.4976959031250940       0.82378851650640916     
  -1.2848484331950374       0.82378851650640916     
  -1.0720009632649807       0.82378851650640916     
 -0.85915349333492319       0.82378851650640916     
 -0.64630602340486654       0.82378851650640916     
 -0.43345855347480988       0.82378851650640916     
 -0.22061108354475323       0.82378851650640916     
  -7.7636136146965740E-003  0.82378851650640916     
  0.20508385631536008       0.82378851650640916     
  0.41793132624541673       0.82378851650640916     
  0.63077879617547428       0.82378851650640916     
  0.84362626610553093       0.82378851650640916     
   1.0564737360355876       0.82378851650640916     
   1.2693212059656442       0.82378851650640916     
   1.4821686758957009       0.82378851650640916     
   1.6950161458257575       0.82378851650640916     
   1.9078636157558142       0.82378851650640916     
   2.1207110856858709       0.82378851650640916     
   2.3335585556159275       0.82378851650640916     
   2.5464060255459851       0.82378851650640916     
   2.7592534954760408       0.82378851650640916     
   2.9721009654060984       0.82378851650640916     
   3.1849484353361541       0.82378851650640916     
   3.3977959052662117       0.82378851650640916     
   3.6106433751962692       0.82378851650640916     
   3.8234908451263250       0.82378851650640916     
   4.0363383150563825       0.82378851650640916     
  -3.8390180723557181        1.0215830434899655     
  -3.6261706024256615        1.0215830434899655     
  -3.4133231324956048        1.0215830434899655     
  -3.2004756625655482        1.0215830434899655     
  -2.9876281926354911        1.0215830434899655     
  -2.7747807227054344        1.0215830434899655     
  -2.5619332527753778        1.0215830434899655     
  -2.3490857828453207        1.0215830434899655     
  -2.1362383129152640        1.0215830434899655     
  -1.9233908429852073        1.0215830434899655     
  -1.7105433730551507        1.0215830434899655     
  -1.4976959031250940        1.0215830434899655     
  -1.2848484331950374        1.0215830434899655     
  -1.0720009632649807        1.0215830434899655     
 -0.85915349333492319        1.0215830434899655     
 -0.64630602340486654        1.0215830434899655     
 -0.43345855347480988        1.0215830434899655     
 -0.22061108354475323        1.0215830434899655     
  -7.7636136146965740E-003   1.0215830434899655     
  0.20508385631536008        1.0215830434899655     
  0.41793132624541673        1.0215830434899655     
  0.63077879617547428        1.0215830434899655     
  0.84362626610553093        1.0215830434899655     
   1.0564737360355876        1.0215830434899655     
   1.2693212059656442        1.0215830434899655     
   1.4821686758957009        1.0215830434899655     
   1.6950161458257575        1.0215830434899655     
   1.9078636157558142        1.0215830434899655     
   2.1207110856858709        1.0215830434899655     
   2.3335585556159275        1.0215830434899655     
   2.5464060255459851        1.0215830434899655     
   2.7592534954760408        1.0215830434899655     
   2.9721009654060984        1.0215830434899655     
   3.1849484353361541        1.0215830434899655     
   3.3977959052662117        1.0215830434899655     
   3.6106433751962692        1.0215830434899655     
   3.8234908451263250        1.0215830434899655     
  -3.6261706024256615        1.2193775704735219     
  -3.4133231324956048        1.2193775704735219     
  -3.2004756625655482        1.2193775704735219     
  -2.9876281926354911        1.2193775704735219     
  -2.7747807227054344        1.2193775704735219     
  -2.5619332527753778        1.2193775704735219     
  -2.3490857828453207        1.2193775704735219     
  -2.1362383129152640        1.2193775704735219     
  -1.9233908429852073        1.2193775704735219     
  -1.7105433730551507        1.2193775704735219     
  -1.4976959031250940        1.2193775704735219     
  -1.2848484331950374        1.2193775704735219     
  -1.0720009632649807        1.2193775704735219     
 -0.85915349333492319        1.2193775704735219     
 -0.64630602340486654        1.2193775704735219     
 -0.43345855347480988        1.2193775704735219     
 -0.22061108354475323        1.2193775704735219     
  -7.7636136146965740E-003   1.2193775704735219     
  0.20508385631536008        1.2193775704735219     
  0.41793132624541673        1.2193775704735219     
  0.63077879617547428        1.2193775704735219     
  0.84362626610553093        1.2193775704735219     
   1.0564737360355876        1.2193775704735219     
   1.2693212059656442        1.2193775704735219     
   1.4821686758957009        1.2193775704735219     
   1.6950161458257575        1.2193775704735219     
   1.9078636157558142        1.2193775704735219     
   2.1207110856858709        1.2193775704735219     
   2.3335585556159275        1.2193775704735219     
   2.5464060255459851        1.2193775704735219     
   2.7592534954760408        1.2193775704735219     
   2.9721009654060984        1.2193775704735219     
   3.1849484353361541        1.2193775704735219     
   3.3977959052662117        1.2193775704735219     
   3.6106433751962692        1.2193775704735219     
   3.8234908451263250        1.2193775704735219     
  -3.6261706024256615        1.4171720974570783     
  -3.4133231324956048        1.4171720974570783     
  -3.2004756625655482        1.4171720974570783     
  -2.9876281926354911        1.4171720974570783     
  -2.7747807227054344        1.4171720974570783     
  -2.5619332527753778        1.4171720974570783     
  -2.3490857828453207        1.4171720974570783     
  -2.1362383129152640        1.4171720974570783     
  -1.9233908429852073        1.4171720974570783     
  -1.7105433730551507        1.4171720974570783     
  -1.4976959031250940        1.4171720974570783     
  -1.2848484331950374        1.4171720974570783     
  -1.0720009632649807        1.4171720974570783     
 -0.85915349333492319        1.4171720974570783     
 -0.64630602340486654        1.4171720974570783     
 -0.43345855347480988        1.4171720974570783     
 -0.22061108354475323        1.4171720974570783     
  -7.7636136146965740E-003   1.4171720974570783     
  0.20508385631536008        1.4171720974570783     
  0.41793132624541673        1.4171720974570783     
  0.63077879617547428        1.4171720974570783     
  0.84362626610553093        1.4171720974570783     
   1.0564737360355876        1.4171720974570783     
   1.2693212059656442        1.4171720974570783     
   1.4821686758957009        1.4171720974570783     
   1.6950161458257575        1.4171720974570783     
   1.9078636157558142        1.4171720974570783     
   2.1207110856858709        1.4171720974570783     
   2.3335585556159275        1.4171720974570783     
   2.5464060255459851        1.4171720974570783     
   2.7592534954760408        1.4171720974570783     
   2.9721009654060984        1.4171720974570783     
   3.1849484353361541        1.4171720974570783     
   3.3977959052662117        1.4171720974570783     
   3.6106433751962692        1.4171720974570783     
  -3.4133231324956048        1.6149666244406347     
  -3.2004756625655482        1.6149666244406347     
  -2.9876281926354911        1.6149666244406347     
  -2.7747807227054344        1.6149666244406347     
  -2.5619332527753778        1.6149666244406347     
  -2.3490857828453207        1.6149666244406347     
  -2.1362383129152640        1.6149666244406347     
  -1.9233908429852073        1.6149666244406347     
  -1.7105433730551507        1.6149666244406347     
  -1.4976959031250940        1.6149666244406347     
  -1.2848484331950374        1.6149666244406347     
  -1.0720009632649807        1.6149666244406347     
 -0.85915349333492319        1.6149666244406347     
 -0.64630602340486654        1.6149666244406347     
 -0.43345855347480988        1.6149666244406347     
 -0.22061108354475323        1.6149666244406347     
  -7.7636136146965740E-003   1.6149666244406347     
  0.20508385631536008        1.6149666244406347     
  0.41793132624541673        1.6149666244406347     
  0.63077879617547428        1.6149666244406347     
  0.84362626610553093        1.6149666244406347     
   1.0564737360355876        1.6149666244406347     
   1.2693212059656442        1.6149666244406347     
   1.4821686758957009        1.6149666244406347     
   1.6950161458257575        1.6149666244406347     
   1.9078636157558142        1.6149666244406347     
   2.1207110856858709        1.6149666244406347     
   2.3335585556159275        1.6149666244406347     
   2.5464060255459851        1.6149666244406347     
   2.7592534954760408        1.6149666244406347     
   2.9721009654060984        1.6149666244406347     
   3.1849484353361541        1.6149666244406347     
   3.3977959052662117        1.6149666244406347     
  -3.4133231324956048        1.8127611514241910     
  -3.2004756625655482        1.8127611514241910     
  -2.9876281926354911        1.8127611514241910     
  -2.7747807227054344        1.8127611514241910     
  -2.5619332527753778        1.8127611514241910     
  -2.3490857828453207        1.8127611514241910     
  -2.1362383129152640        1.8127611514241910     
  -1.9233908429852073        1.8127611514241910     
  -1.7105433730551507        1.8127611514241910     
  -1.4976959031250940        1.8127611514241910     
  -1.2848484331950374        1.8127611514241910     
  -1.0720009632649807        1.8127611514241910     
 -0.85915349333492319        1.8127611514241910     
 -0.64630602340486654        1.8127611514241910     
 -0.43345855347480988        1.8127611514241910     
 -0.22061108354475323        1.8127611514241910     
  -7.7636136146965740E-003   1.8127611514241910     
  0.20508385631536008        1.8127611514241910     
  0.41793132624541673        1.8127611514241910     
  0.63077879617547428        1.8127611514241910     
  0.84362626610553093        1.8127611514241910     
   1.0564737360355876        1.8127611514241910     
   1.2693212059656442        1.8127611514241910     
   1.4821686758957009        1.8127611514241910     
   1.6950161458257575        1.8127611514241910     
   1.9078636157558142        1.8127611514241910     
   2.1207110856858709        1.8127611514241910     
   2.3335585556159275        1.8127611514241910     
   2.5464060255459851        1.8127611514241910     
   2.7592534954760408        1.8127611514241910     
   2.9721009654060984        1.8127611514241910     
   3.1849484353361541        1.8127611514241910     
   3.3977959052662117        1.8127611514241910     
  -3.2004756625655482        2.0105556784077474     
  -2.9876281926354911        2.0105556784077474     
  -2.7747807227054344        2.0105556784077474     
  -2.5619332527753778        2.0105556784077474     
  -2.3490857828453207        2.0105556784077474     
  -2.1362383129152640        2.0105556784077474     
  -1.9233908429852073        2.0105556784077474     
  -1.7105433730551507        2.0105556784077474     
  -1.4976959031250940        2.0105556784077474     
  -1.2848484331950374        2.0105556784077474     
  -1.0720009632649807        2.0105556784077474     
 -0.85915349333492319        2.0105556784077474     
 -0.64630602340486654        2.0105556784077474     
 -0.43345855347480988        2.0105556784077474     
 -0.22061108354475323        2.0105556784077474     
  -7.7636136146965740E-003   2.0105556784077474     
  0.20508385631536008        2.0105556784077474     
  0.41793132624541673        2.0105556784077474     
  0.63077879617547428        2.0105556784077474     
  0.84362626610553093        2.0105556784077474     
   1.0564737360355876        2.0105556784077474     
   1.2693212059656442        2.0105556784077474     
   1.4821686758957009        2.0105556784077474     
   1.6950161458257575        2.0105556784077474     
   1.9078636157558142        2.0105556784077474     
   2.1207110856858709        2.0105556784077474     
   2.3335585556159275        2.0105556784077474     
   2.5464060255459851        2.0105556784077474     
   2.7592534954760408        2.0105556784077474     
   2.9721009654060984        2.0105556784077474     
   3.1849484353361541        2.0105556784077474     
  -3.2004756625655482        2.2083502053913038     
  -2.9876281926354911        2.2083502053913038     
  -2.7747807227054344        2.2083502053913038     
  -2.5619332527753778        2.2083502053913038     
  -2.3490857828453207        2.2083502053913038     
  -2.1362383129152640        2.2083502053913038     
  -1.9233908429852073        2.2083502053913038     
  -1.7105433730551507        2.2083502053913038     
  -1.4976959031250940        2.2083502053913038     
  -1.2848484331950374        2.2083502053913038     
  -1.0720009632649807        2.2083502053913038     
 -0.85915349333492319        2.2083502053913038     
 -0.64630602340486654        2.2083502053913038     
 -0.43345855347480988        2.2083502053913038     
 -0.22061108354475323        2.2083502053913038     
  -7.7636136146965740E-003   2.2083502053913038     
  0.20508385631536008        2.2083502053913038     
  0.41793132624541673        2.2083502053913038     
  0.63077879617547428        2.2083502053913038     
  0.84362626610553093        2.2083502053913038     
   1.0564737360355876        2.2083502053913038     
   1.2693212059656442        2.2083502053913038     
   1.4821686758957009        2.2083502053913038     
   1.6950161458257575        2.2083502053913038     
   1.9078636157558142        2.2083502053913038     
   2.1207110856858709        2.2083502053913038     
   2.3335585556159275        2.2083502053913038     
   2.5464060255459851        2.2083502053913038     
   2.7592534954760408        2.2083502053913038     
   2.9721009654060984        2.2083502053913038     
   3.1849484353361541        2.2083502053913038     
  -2.9876281926354911        2.4061447323748602     
  -2.7747807227054344        2.4061447323748602     
  -2.5619332527753778        2.4061447323748602     
  -2.3490857828453207        2.4061447323748602     
  -2.1362383129152640        2.4061447323748602     
  -1.9233908429852073        2.4061447323748602     
  -1.7105433730551507        2.4061447323748602     
  -1.4976959031250940        2.4061447323748602     
  -1.2848484331950374        2.4061447323748602     
  -1.0720009632649807        2.4061447323748602     
 -0.85915349333492319        2.4061447323748602     
 -0.64630602340486654        2.4061447323748602     
 -0.43345855347480988        2.4061447323748602     
 -0.22061108354475323        2.4061447323748602     
  -7.7636136146965740E-003   2.4061447323748602     
  0.20508385631536008        2.4061447323748602     
  0.41793132624541673        2.4061447323748602     
  0.63077879617547428        2.4061447323748602     
  0.84362626610553093        2.4061447323748602     
   1.0564737360355876        2.4061447323748602     
   1.2693212059656442        2.4061447323748602     
   1.4821686758957009        2.4061447323748602     
   1.6950161458257575        2.4061447323748602     
   1.9078636157558142        2.4061447323748602     
   2.1207110856858709        2.4061447323748602     
   2.3335585556159275        2.4061447323748602     
   2.5464060255459851        2.4061447323748602     
   2.7592534954760408        2.4061447323748602     
   2.9721009654060984        2.4061447323748602     
  -2.9876281926354911        2.6039392593584165     
  -2.7747807227054344        2.6039392593584165     
  -2.5619332527753778        2.6039392593584165     
  -2.3490857828453207        2.6039392593584165     
  -2.1362383129152640        2.6039392593584165     
  -1.9233908429852073        2.6039392593584165     
  -1.7105433730551507        2.6039392593584165     
  -1.4976959031250940        2.6039392593584165     
  -1.2848484331950374        2.6039392593584165     
  -1.0720009632649807        2.6039392593584165     
 -0.85915349333492319        2.6039392593584165     
 -0.64630602340486654        2.6039392593584165     
 -0.43345855347480988        2.6039392593584165     
 -0.22061108354475323        2.6039392593584165     
  -7.7636136146965740E-003   2.6039392593584165     
  0.20508385631536008        2.6039392593584165     
  0.41793132624541673        2.6039392593584165     
  0.63077879617547428        2.6039392593584165     
  0.84362626610553093        2.6039392593584165     
   1.0564737360355876        2.6039392593584165     
   1.2693212059656442        2.6039392593584165     
   1.4821686758957009        2.6039392593584165     
   1.6950161458257575        2.6039392593584165     
   1.9078636157558142        2.6039392593584165     
   2.1207110856858709        2.6039392593584165     
   2.3335585556159275        2.6039392593584165     
   2.5464060255459851        2.6039392593584165     
   2.7592534954760408        2.6039392593584165     
   2.9721009654060984        2.6039392593584165     
  -2.7747807227054344        2.8017337863419729     
  -2.5619332527753778        2.8017337863419729     
  -2.3490857828453207        2.8017337863419729     
  -2.1362383129152640        2.8017337863419729     
  -1.9233908429852073        2.8017337863419729     
  -1.7105433730551507        2.8017337863419729     
  -1.4976959031250940        2.8017337863419729     
  -1.2848484331950374        2.8017337863419729     
  -1.0720009632649807        2.8017337863419729     
 -0.85915349333492319        2.8017337863419729     
 -0.64630602340486654        2.8017337863419729     
 -0.43345855347480988        2.8017337863419729     
 -0.22061108354475323        2.8017337863419729     
  -7.7636136146965740E-003   2.8017337863419729     
  0.20508385631536008        2.8017337863419729     
  0.41793132624541673        2.8017337863419729     
  0.63077879617547428        2.8017337863419729     
  0.84362626610553093        2.8017337863419729     
   1.0564737360355876        2.8017337863419729     
   1.2693212059656442        2.8017337863419729     
   1.4821686758957009        2.8017337863419729     
   1.6950161458257575        2.8017337863419729     
   1.9078636157558142        2.8017337863419729     
   2.1207110856858709        2.8017337863419729     
   2.3335585556159275        2.8017337863419729     
   2.5464060255459851        2.8017337863419729     
   2.7592534954760408        2.8017337863419729     
  -2.7747807227054344        2.9995283133255293     
  -2.5619332527753778        2.9995283133255293     
  -2.3490857828453207        2.9995283133255293     
  -2.1362383129152640        2.9995283133255293     
  -1.9233908429852073        2.9995283133255293     
  -1.7105433730551507        2.9995283133255293     
  -1.4976959031250940        2.9995283133255293     
  -1.2848484331950374        2.9995283133255293     
  -1.0720009632649807        2.9995283133255293     
 -0.85915349333492319        2.9995283133255293     
 -0.64630602340486654        2.9995283133255293     
 -0.43345855347480988        2.9995283133255293     
 -0.22061108354475323        2.9995283133255293     
  -7.7636136146965740E-003   2.9995283133255293     
  0.20508385631536008        2.9995283133255293     
  0.41793132624541673        2.9995283133255293     
  0.63077879617547428        2.9995283133255293     
  0.84362626610553093        2.9995283133255293     
   1.0564737360355876        2.9995283133255293     
   1.2693212059656442        2.9995283133255293     
   1.4821686758957009        2.9995283133255293     
   1.6950161458257575        2.9995283133255293     
   1.9078636157558142        2.9995283133255293     
   2.1207110856858709        2.9995283133255293     
   2.3335585556159275        2.9995283133255293     
   2.5464060255459851        2.9995283133255293     
   2.7592534954760408        2.9995283133255293     
  -2.5619332527753778        3.1973228403090856     
  -2.3490857828453207        3.1973228403090856     
  -2.1362383129152640        3.1973228403090856     
  -1.9233908429852073        3.1973228403090856     
  -1.7105433730551507        3.1973228403090856     
  -1.4976959031250940        3.1973228403090856     
  -1.2848484331950374        3.1973228403090856     
  -1.0720009632649807        3.1973228403090856     
 -0.85915349333492319        3.1973228403090856     
 -0.64630602340486654        3.1973228403090856     
 -0.43345855347480988        3.1973228403090856     
 -0.22061108354475323        3.1973228403090856     
  -7.7636136146965740E-003   3.1973228403090856     
  0.20508385631536008        3.1973228403090856     
  0.41793132624541673        3.1973228403090856     
  0.63077879617547428        3.1973228403090856     
  0.84362626610553093        3.1973228403090856     
   1.0564737360355876        3.1973228403090856     
   1.2693212059656442        3.1973228403090856     
   1.4821686758957009        3.1973228403090856     
   1.6950161458257575        3.1973228403090856     
   1.9078636157558142        3.1973228403090856     
   2.1207110856858709        3.1973228403090856     
   2.3335585556159275        3.1973228403090856     
   2.5464060255459851        3.1973228403090856     
  -2.3490857828453207        3.3951173672926420     
  -2.1362383129152640        3.3951173672926420     
  -1.9233908429852073        3.3951173672926420     
  -1.7105433730551507        3.3951173672926420     
  -1.4976959031250940        3.3951173672926420     
  -1.2848484331950374        3.3951173672926420     
  -1.0720009632649807        3.3951173672926420     
 -0.85915349333492319        3.3951173672926420     
 -0.64630602340486654        3.3951173672926420     
 -0.43345855347480988        3.3951173672926420     
 -0.22061108354475323        3.3951173672926420     
  -7.7636136146965740E-003   3.3951173672926420     
  0.20508385631536008        3.3951173672926420     
  0.41793132624541673        3.3951173672926420     
  0.63077879617547428        3.3951173672926420     
  0.84362626610553093        3.3951173672926420     
   1.0564737360355876        3.3951173672926420     
   1.2693212059656442        3.3951173672926420     
   1.4821686758957009        3.3951173672926420     
   1.6950161458257575        3.3951173672926420     
   1.9078636157558142        3.3951173672926420     
   2.1207110856858709        3.3951173672926420     
   2.3335585556159275        3.3951173672926420     
  -2.3490857828453207        3.5929118942761984     
  -2.1362383129152640        3.5929118942761984     
  -1.9233908429852073        3.5929118942761984     
  -1.7105433730551507        3.5929118942761984     
  -1.4976959031250940        3.5929118942761984     
  -1.2848484331950374        3.5929118942761984     
  -1.0720009632649807        3.5929118942761984     
 -0.85915349333492319        3.5929118942761984     
 -0.64630602340486654        3.5929118942761984     
 -0.43345855347480988        3.5929118942761984     
 -0.22061108354475323        3.5929118942761984     
  -7.7636136146965740E-003   3.5929118942761984     
  0.20508385631536008        3.5929118942761984     
  0.41793132624541673        3.5929118942761984     
  0.63077879617547428        3.5929118942761984     
  0.84362626610553093        3.5929118942761984     
   1.0564737360355876        3.5929118942761984     
   1.2693212059656442        3.5929118942761984     
   1.4821686758957009        3.5929118942761984     
   1.6950161458257575        3.5929118942761984     
   1.9078636157558142        3.5929118942761984     
   2.1207110856858709        3.5929118942761984     
   2.3335585556159275        3.5929118942761984     
  -2.1362383129152640        3.7907064212597548     
  -1.9233908429852073        3.7907064212597548     
  -1.7105433730551507        3.7907064212597548     
  -1.4976959031250940        3.7907064212597548     
  -1.2848484331950374        3.7907064212597548     
  -1.0720009632649807        3.7907064212597548     
 -0.85915349333492319        3.7907064212597548     
 -0.64630602340486654        3.7907064212597548     
 -0.43345855347480988        3.7907064212597548     
 -0.22061108354475323        3.7907064212597548     
  -7.7636136146965740E-003   3.7907064212597548     
  0.20508385631536008        3.7907064212597548     
  0.41793132624541673        3.7907064212597548     
  0.63077879617547428        3.7907064212597548     
  0.84362626610553093        3.7907064212597548     
   1.0564737360355876        3.7907064212597548     
   1.2693212059656442        3.7907064212597548     
   1.4821686758957009        3.7907064212597548     
   1.6950161458257575        3.7907064212597548     
   1.9078636157558142        3.7907064212597548     
   2.1207110856858709        3.7907064212597548     
  -2.1362383129152640        3.9885009482433111     
  -1.9233908429852073        3.9885009482433111     
  -1.7105433730551507        3.9885009482433111     
  -1.4976959031250940        3.9885009482433111     
  -1.2848484331950374        3.9885009482433111     
  -1.0720009632649807        3.9885009482433111     
 -0.85915349333492319        3.9885009482433111     
 -0.64630602340486654        3.9885009482433111     
 -0.43345855347480988        3.9885009482433111     
 -0.22061108354475323        3.9885009482433111     
  -7.7636136146965740E-003   3.9885009482433111     
  0.20508385631536008        3.9885009482433111     
  0.41793132624541673        3.9885009482433111     
  0.63077879617547428        3.9885009482433111     
  0.84362626610553093        3.9885009482433111     
   1.0564737360355876        3.9885009482433111     
   1.2693212059656442        3.9885009482433111     
   1.4821686758957009        3.9885009482433111     
   1.6950161458257575        3.9885009482433111     
   1.9078636157558142        3.9885009482433111     
   2.1207110856858709        3.9885009482433111     
  -1.9233908429852073        4.1862954752268688     
  -1.7105433730551507        4.1862954752268688     
  -1.4976959031250940        4.1862954752268688     
  -1.2848484331950374        4.1862954752268688     
  -1.0720009632649807        4.1862954752268688     
 -0.85915349333492319        4.1862954752268688     
 -0.64630602340486654        4.1862954752268688     
 -0.43345855347480988        4.1862954752268688     
 -0.22061108354475323        4.1862954752268688     
  -7.7636136146965740E-003   4.1862954752268688     
  0.20508385631536008        4.1862954752268688     
  0.41793132624541673        4.1862954752268688     
  0.63077879617547428        4.1862954752268688     
  0.84362626610553093        4.1862954752268688     
   1.0564737360355876        4.1862954752268688     
   1.2693212059656442        4.1862954752268688     
   1.4821686758957009        4.1862954752268688     
   1.6950161458257575        4.1862954752268688     
   1.9078636157558142        4.1862954752268688     
  -1.7105433730551507        4.3840900022104243     
  -1.4976959031250940        4.3840900022104243     
  -1.2848484331950374        4.3840900022104243     
  -1.0720009632649807        4.3840900022104243     
 -0.85915349333492319        4.3840900022104243     
 -0.64630602340486654        4.3840900022104243     
 -0.43345855347480988        4.3840900022104243     
 -0.22061108354475323        4.3840900022104243     
  -7.7636136146965740E-003   4.3840900022104243     
  0.20508385631536008        4.3840900022104243     
  0.41793132624541673        4.3840900022104243     
  0.63077879617547428        4.3840900022104243     
  0.84362626610553093        4.3840900022104243     
   1.0564737360355876        4.3840900022104243     
   1.2693212059656442        4.3840900022104243     
   1.4821686758957009        4.3840900022104243     
   1.6950161458257575        4.3840900022104243     
  -1.7105433730551507        4.5818845291939798     
  -1.4976959031250940        4.5818845291939798     
  -1.2848484331950374        4.5818845291939798     
  -1.0720009632649807        4.5818845291939798     
 -0.85915349333492319        4.5818845291939798     
 -0.64630602340486654        4.5818845291939798     
 -0.43345855347480988        4.5818845291939798     
 -0.22061108354475323        4.5818845291939798     
  -7.7636136146965740E-003   4.5818845291939798     
  0.20508385631536008        4.5818845291939798     
  0.41793132624541673        4.5818845291939798     
  0.63077879617547428        4.5818845291939798     
  0.84362626610553093        4.5818845291939798     
   1.0564737360355876        4.5818845291939798     
   1.2693212059656442        4.5818845291939798     
   1.4821686758957009        4.5818845291939798     
   1.6950161458257575        4.5818845291939798     
  -1.4976959031250940        4.7796790561775371     
  -1.2848484331950374        4.7796790561775371     
  -1.0720009632649807        4.7796790561775371     
 -0.85915349333492319        4.7796790561775371     
 -0.64630602340486654        4.7796790561775371     
 -0.43345855347480988        4.7796790561775371     
 -0.22061108354475323        4.7796790561775371     
  -7.7636136146965740E-003   4.7796790561775371     
  0.20508385631536008        4.7796790561775371     
  0.41793132624541673        4.7796790561775371     
  0.63077879617547428        4.7796790561775371     
  0.84362626610553093        4.7796790561775371     
   1.0564737360355876        4.7796790561775371     
   1.2693212059656442        4.7796790561775371     
   1.4821686758957009        4.7796790561775371     
  -1.2848484331950374        4.9774735831610943     
  -1.0720009632649807        4.9774735831610943     
 -0.85915349333492319        4.9774735831610943     
 -0.64630602340486654        4.9774735831610943     
 -0.43345855347480988        4.9774735831610943     
 -0.22061108354475323        4.9774735831610943     
  -7.7636136146965740E-003   4.9774735831610943     
  0.20508385631536008        4.9774735831610943     
  0.41793132624541673        4.9774735831610943     
  0.63077879617547428        4.9774735831610943     
  0.84362626610553093        4.9774735831610943     
   1.0564737360355876        4.9774735831610943     
   1.2693212059656442        4.9774735831610943     
  -1.0720009632649807        5.1752681101446498     
 -0.85915349333492319        5.1752681101446498     
 -0.64630602340486654        5.1752681101446498     
 -0.43345855347480988        5.1752681101446498     
 -0.22061108354475323        5.1752681101446498     
  -7.7636136146965740E-003   5.1752681101446498     
  0.20508385631536008        5.1752681101446498     
  0.41793132624541673        5.1752681101446498     
  0.63077879617547428        5.1752681101446498     
  0.84362626610553093        5.1752681101446498     
   1.0564737360355876        5.1752681101446498     
   1.2693212059656442        5.1752681101446498     
  -1.0720009632649807        5.3730626371282053     
 -0.85915349333492319        5.3730626371282053     
 -0.64630602340486654        5.3730626371282053     
 -0.43345855347480988        5.3730626371282053     
 -0.22061108354475323        5.3730626371282053     
  -7.7636136146965740E-003   5.3730626371282053     
  0.20508385631536008        5.3730626371282053     
  0.41793132624541673        5.3730626371282053     
  0.63077879617547428        5.3730626371282053     
  0.84362626610553093        5.3730626371282053     
   1.0564737360355876        5.3730626371282053     
 -0.85915349333492319        5.5708571641117626     
 -0.64630602340486654        5.5708571641117626     
 -0.43345855347480988        5.5708571641117626     
 -0.22061108354475323        5.5708571641117626     
  -7.7636136146965740E-003   5.5708571641117626     
  0.20508385631536008        5.5708571641117626     
  0.41793132624541673        5.5708571641117626     
  0.63077879617547428        5.5708571641117626     
  0.84362626610553093        5.5708571641117626     
 -0.64630602340486654        5.7686516910953198     
 -0.43345855347480988        5.7686516910953198     
 -0.22061108354475323        5.7686516910953198     
  -7.7636136146965740E-003   5.7686516910953198     
  0.20508385631536008        5.7686516910953198     
  0.41793132624541673        5.7686516910953198     
  0.63077879617547428        5.7686516910953198     
 -0.22061108354475323        5.9664462180788753     
  -7.7636136146965740E-003   5.9664462180788753     
  0.20508385631536008        5.9664462180788753     
