   2.2739761474123488     
   1.5773263532615622     
   3.1255363569881047     
  0.89984671362723878     
   1.1041928244428691     
   2.1295213235692985     
  0.11496633222221003     
   1.7379786907506360     
   1.9640127692939140     
   1.8687685545788260     
  0.49809319324394707     
   1.4954438233721623     
   1.0493548991357784     
   2.2935563380201489     
   2.5115067656356174     
   1.6123016137463861     
   2.6675698053085850     
   3.0389562753219308     
   3.1508430008727122     
  0.69516635774911539     
   2.9767780964478758     
   1.0930797871407147     
  0.59348819684945087     
   3.0707413560223173     
   2.3325453766611521     
   3.1270669501848438     
   2.8091692458057960     
   1.1534064195088962     
   2.2653294321811925     
   2.6445756607046187     
   2.3919434238504098     
   1.8930650039455028     
   2.1591097784289728     
   2.0796241283464143     
   1.4327855962403706     
   1.1629817105311222     
   1.9251922662890915     
   3.0542664237140231     
  0.79851664124259769     
   2.6837030023671247     
   2.4563829967852762     
  0.74571261108869935     
   2.7595088729309336     
   1.9524959975750085     
  0.76342980351394718     
   1.3217719415154559     
   1.5385912875038172     
   3.0353565475557138     
   2.2743266697136719     
   2.6963857448438295     
   2.1385327362839113     
   3.0574468466088836     
   1.9394304978911696     
   1.1684394993550684     
   3.0505384732040564     
   2.3039817888526639     
   1.8280643705701254     
   2.6242979165027527     
  0.70022729614345358     
   1.4725040999493288     
   1.3519901702748713     
   2.3646326286969459     
   2.2289767987916416     
   1.5474851653733217     
  0.89513689318880285     
   2.3666530794992751     
   1.0365791999494953     
   2.6322355709319343     
   1.9684475477123609     
   1.9939919834990152     
   1.9441563438138159     
   2.8283405715916881     
  0.91938923944317719     
   2.3295467696622971     
   2.5146774524705133     
  0.24451029654164522     
   2.6052135605791711     
  0.45689532133757788     
   1.3456348742935540     
  0.99755500619764081     
   2.9174854299616633     
   1.4373480864402293     
   2.7511634888715837     
   2.3610755147427067     
  0.37300683986272820     
   1.3507863430116152     
   2.5110982232931440     
   2.5096008029186918     
   1.1402175039420896     
   1.1278062702652729     
  0.86506581841858554     
  0.76337384010955311     
   3.0455281745199043     
   3.0183503338018030     
   1.3998279770193764     
   1.9475160456103027     
  0.23016573885641722     
   3.1189764718895949     
   2.6970508636900981     
   2.7463781420044979     
   2.4600543935358603     
   3.1272861684113780     
   2.4575710845673009     
   2.4426025193838479     
   1.9329244166210684     
  0.78232121630640594     
   1.2174527165358990     
   2.4275006027003880     
   1.0337765691122764     
   1.8034894372765409     
   2.3726048909346042     
  0.46596385077914088     
   1.0036903015224874     
   3.1133347237516347     
  0.78285778122753058     
   3.1028299728448880     
   2.6495927899200917     
   2.2714077094840781     
   2.3761047813606635     
  0.78502106590200538     
   3.1893922850970871     
  0.96778945684376572     
   3.0975418125724872     
   2.9149275640791545     
   2.2012611172254166     
   1.3257738265100334     
   1.5453036063759251     
   2.0391243233318219     
   1.9932053999414927     
   1.6185202498652338     
   1.0865462900124070     
  0.51204087872790427     
   2.4910190147791589     
   2.2689532451661503     
   2.0376839228947143     
   1.1697018059130555     
   2.8059883672503130     
   2.2313847610693709     
   2.3486562579808847     
   2.2607611706250812     
   2.0392486929383118     
   3.0854585430648362     
   2.7016306628297340     
  0.77847255717529806     
  0.57194005738792009     
   2.5047156274500404     
   2.7125878155939405     
   2.9128949197280352     
   3.0948632483375977     
   2.8523446359770612     
   2.5624639634430584     
   1.5530474133480687     
   1.1152823628656023     
   2.5464935466043985     
   2.8973120953327953     
   2.8639298276455256     
   2.5016219198585028     
   2.0947076987285542     
   2.0267924105549802     
   2.6181007259232065     
   2.6183013545467717     
   3.1684068980354319     
   2.5081483203964403     
   2.0626283895958988     
   2.1427116084721280     
   2.4632313633658165     
  0.76826805650604990     
   2.2133320075142739     
  0.59074974918206113     
   1.9729451083015972     
   1.0647771364461418     
   2.0037105416771595     
  0.60806480927674311     
   3.1954109171968970     
   2.4274135499908165     
  0.55889559348920947     
   3.1566075711066905     
   3.0577249905710175     
   1.4479315368555106     
   1.8632210174613433     
   1.6530545303409185     
   1.7309891680531866     
   2.4532058028392463     
   1.4757469986308880     
   3.7242968912959730E-002
   1.2932765551350582     
   3.0128010236825542     
   1.9832361787934658     
   2.9806534188732949     
  0.56859338305589646     
   2.4872781465579226     
   2.4934120251211014     
   1.1242741398087737     
   2.0446894307251742     
   1.0546731308318900     
   3.1608138911971051     
   1.7814419435862161     
   1.6033190706545772     
   1.9147720010833220     
   2.7643166248619675     
   2.3091158728415069     
   2.4056765579918054     
   1.9257903041327580     
  0.98628633742307126     
   2.8154410010888546     
   1.2882790721776529     
   2.5604987102590488     
   1.0462282477079410     
   1.4442053192603781     
  0.93083922251830986     
   2.3126271580696147     
   2.5850636798697977     
   1.3184027133345848     
   2.1238547092566518     
   1.7288474235979305     
  0.43769942340870399     
   1.6728420187478821     
   2.4698307883255604     
  0.47684196546139812     
  0.22696246777311552     
   1.9938710264265620     
   1.6268982769959728     
   1.5733534441910000     
  0.85602282629830662     
   1.5985249699639543     
   2.3324375294340887     
   1.5574277351843056     
   1.8316640495538838     
   2.4234416276443262     
  0.94144452046688321     
   1.3879783725811172     
   2.9975110483066354     
  0.23331287846677096     
   2.5731436759310173     
   2.2788269488151380     
  0.69118928933444534     
   2.0902581207316557     
  0.98857263596457989     
   1.7583389344883429     
   1.0719804068378505     
   1.6011971529727973     
   3.0690022500710921     
   1.5765569435417266     
   3.0219812455941377     
   2.4325488373485449     
  0.52711108503253234     
   2.1901565623912922     
   1.9488854137926095     
   2.7458846005199624     
   2.2190201948587855     
   1.4051143966741722     
   1.8532874219190996     
   2.7515482688256236     
   2.2536785534803130     
  0.95928341281227281     
  0.27663502232980630     
   1.4943617199874102     
   1.1384188791429732     
   1.3418129509128560     
   1.2217199701614545     
   2.9985222667669791     
   1.7669049016084981     
  0.72144894729315379     
   1.7357082853968673     
  0.50376034569580397     
  0.45011193261495624     
   2.7571723486002981     
   2.9876516293120807     
   1.2762551470384174     
   1.2538955963337242     
   2.7820200300347624     
   2.8900464370738495     
   3.1294778281915088     
  0.75477462535259954     
  0.71147195959550436     
  0.67633861875487911     
  0.29556684244153120     
  0.51268670465261068     
   1.8009056263799670     
   2.6834104743875167     
   3.0823011398892950     
   1.5611620998934868     
   1.9440899141152130     
   2.6102438221486728     
   1.3519503605724472     
   1.9033766471924098     
   2.5096513878732076     
   2.3030158185828467     
   1.9618543478365449     
   1.5649031791349384     
   2.2499247040981465     
   2.3833671067830116     
   1.1725265481734837     
  0.69579176752164185     
   1.9144363121361743     
   1.6121228205027023     
   2.7848438611989872     
   1.2815505322807519     
   1.0446942129541728     
   2.0002517324028619     
