  -1.0240236613544571        3.4833899679457967     
   1.2508462135456235        5.8684155472391666     
 -0.65510989077517578       0.25077978347105523     
   8.3640939723470957       0.80091840679547532     
   2.4331410654981043        6.3546987946420010     
  -2.0174346627703459        1.5453520201035196     
   12.257757472549063        1.8234230802064881     
  0.89403281464134254        5.5674220444976807     
   4.3376215147365862       0.94036326617979027     
  -2.2054331202575481        1.7486522554094193     
  0.95837137623036872        11.624950397947817     
   5.8988645918281062       0.84157845385665508     
   4.2675278983265237        4.3848696019498750     
   2.2511927938484031        2.5030462158163433     
  0.39304791419467833       -2.0137665288591524     
  -2.3587536833102973       -1.4494378219966029     
  0.35645166815321350        2.7202636484384857     
  0.77258640136664303       0.97979532524247803     
 -0.41384028481632606       0.48095931163283501     
   3.1112045758228235        7.0760735222005842     
  0.23072585513979460        1.6008843662575472     
   3.4981213384063738        5.1082909761726114     
   10.416582626341985      -0.37071858687684456     
 -0.88103268387792788        5.0617739716857901E-002
   2.9119911397100116        1.5165625236944291     
 -0.26354481468232649       0.80699012523246383     
   1.7575123860592083       0.96417258903944036     
   2.3607601837104490        6.2570737487618864     
  0.36626477445062244        4.0439664892573983     
  -1.5603505010226164      -0.81122517055811683     
  0.17620039984817693        3.6739327723784734     
   7.0248364937806951E-002   5.3469981987683646     
  0.67703773478660922        4.2663687600953963     
   3.1655824656062097       -1.5537485803129516     
   2.7819121442037571        4.7804864021307178     
  0.37836514612562278        8.1817402717316945     
   2.1580051754000764        3.8270219428571441     
 -0.54421441133904391        1.0359416653957516     
   5.2497977038709180        4.1752247619851008     
 -0.93629596671070425       -1.5617987238586215     
   2.2345916741723353        1.9245956469711349     
 -0.73442635144972135        10.042414975668976     
  0.66626545268569393        2.2657034243300269     
  0.21530525952958079       -2.5916713252605863     
   5.5371077483980624        4.0056259750822605     
   5.4521100156565954        2.2154923595027980     
 -0.79994543710460153        6.2498422638818774     
 -0.95105251753387554      -0.31689177960961157     
   3.5821598953443341       0.52141469402759943     
   1.9636614010589111        1.2472920442473208     
   1.8830906335643962       -2.0783723418909266     
  0.87374255725948169       0.74108810264672575     
   4.5900323165669317      -0.45961127365657184     
  -1.2305415901247390        7.0453056006828128     
   1.0868271511460752       0.41417040882596412     
   2.1941587249168459        2.5295844008948651     
   4.7299244183705955       0.98832301967645053     
  0.99950526164995912        2.5338482481118514     
   2.7514029753768505        7.5680532694853131     
   3.9118581321110377        3.3907109848373858     
   3.1421564411744254        4.6438045157430103     
  -1.1832837361135331       -1.9054648095477045     
   9.1682255008463276E-002   4.2159189198240163     
 -0.56232807747448676        6.4273888619971817     
   1.9315290116414556        7.8665907962298149     
   1.0119007643414233        3.3901652123936121     
 -0.73999694938546856        8.4505673110682373     
 -0.14265177206349611        2.8858714743462266     
   3.3142178237726019       -1.6606858685149639     
 -0.94511300582754876        4.4956272972583076     
   4.5655733335775253      -0.48618356951282937     
 -0.98997292032998940       -1.2044201055197110     
  -1.0076807813177950        8.6074768886533271     
   3.3289743745957732      -0.67884124216513131     
   2.9441235291274670      -0.19637840186871536     
   1.2429883502322849        13.337686658844547     
  0.71647461686153457        2.7780814167008177     
   1.7836683723932798        10.453825065941535     
  -2.2584460290897903        3.3631494764267882     
 -0.52071460415314386        8.8820004278717626     
 -0.92902836543029244        1.2347733888182497     
  0.23732941163316390        7.0286936519254350     
  -1.1792994673912767       -1.1971886206397024     
   3.4070365284503494       -8.2721290452732799E-002
   11.838339406777477      -0.66997243995380007     
   6.6776784528980269        6.9549221360276636E-002
  -1.0358657933900521        2.6783415026010773     
   1.3724033009514964        2.6346797070991390     
   3.3946410257588853        5.0677332614446406     
   5.9351288154760482        2.4043637358264163     
   1.3827328865277164        8.7410546942670688     
   5.4744292987766432        4.0670594857845952     
  0.62483643624964103      -0.89728666278576519     
  -7.5214334801603666E-002  -1.1407011727090701     
   3.6062499645631614        3.9660915836863642     
   4.6355931672334716       0.16731071035133471     
   4.5742059158090793        6.9654522700030963     
  0.49313422015283725       0.71854087856330340     
   1.2374546436735954        2.0813346706675460     
   2.2385390515175332      -0.20654341363401008     
  0.49844657844917917        3.3628083686494290     
  0.78531392645162823       -3.2987776513806466E-002
  -1.3537956808752769        2.3291153601410444     
   1.8926455002223990        2.3662278863176920     
   2.6602812740437680        3.2708457118734722     
   1.1645572826071295        9.4631798589358418     
   4.0544801958169874        4.0665819348962930     
 -0.63928349001732476        3.3592608477648960     
   2.2931382895632670        6.8041765128678122     
   3.0014527290754871        3.3199652318131521     
  -1.7961970745539511       -1.1160731911837583     
  0.56189974698881562        12.445826264161987     
   5.1765683204109312        3.5792071426059100     
  0.20420095503514402      -0.79133858713809380     
 -0.67646999809171637       -3.3128072773750183     
  0.90543225015224182       0.15830546502906007     
   2.2748401665425351      -0.82845111331474097     
  0.29141217040008627        4.0443417078124941     
  0.86278581827327772        3.4549074685363297     
   4.6900448397709731       -2.5114768868035107     
 -0.27169780901212892       -6.0958614257235588E-002
   5.0926035462270871        3.7812793899133168     
  0.94188093068547518       -9.1521871108592112E-002
 -0.61345952607677479        1.6413056378745758     
   3.2315073564087275        1.6162001054609614     
   3.0922055166379905        4.7882295486767639     
   4.8367249549532971       -1.5086200213683703     
   3.2406564179190931        2.2375620326979182     
   1.3972680890885401        4.3185923608090420     
   5.7085419775862540        7.0299658470466042E-002
   4.5941272594203610       -2.2525078622326404     
   9.1934490199863781        1.9128274286522537     
   2.6450820266959014      -0.97430879891340272     
   2.8032906972088267       -1.4219274797526080     
  -2.1667156200352524      -0.97876025540793643     
   7.4096956021699665       -8.8059627168399324E-002
  0.98292258766241991       -1.3935473126763482     
   1.8340804391429386        3.1461878746376652     
  0.70077733592338598        3.6351999842593714     
   3.5647287196844633       0.69021187765364678     
  0.95813158227949247        4.4975204454226496     
  0.11287635112824290      -0.92090837636786826     
  0.95311435499961439       -1.6083087693015061     
   9.0042884841218509       0.78872380375489515     
  -1.4421689746175437        9.2885838430946936     
  0.34455419905203177        3.2681680158212045     
   2.3207514852911264       0.34501080696644904     
   1.6124370457789063       0.49346091167303863     
 -0.23390259321628148        1.0217686372464896     
 -0.87610768504069458        1.6155690560728480     
  -1.0000627119553327        2.5488399349267747     
   5.6533709231961229       0.92898732180487142     
   3.2073250587472555        5.3737581039021691     
   2.8366405020691929      -0.27389514427352335     
  0.45198188904471870       -1.3785385704725570     
  -1.2763053433650988       0.63863638171698289     
   1.0848903538505339        2.8917214727279323     
 -0.32229433264707730        4.6119962155042931     
   2.1379178205920346        3.5160851484056468     
   1.5429336914017697       -1.5050213343172341     
   2.5274907623237559      -0.56410964125046803     
 -0.28687861067146603      -0.40692717744349105     
  -1.2832409222519892        2.2870056050260890     
 -0.91137584150807349        4.3074551918782742     
  -1.7896857465032268        2.3426743942910604     
  -1.0199840555666140        2.8622497607641235     
   4.1088027485347869        5.5185242446132836     
   3.3166711003469547       -1.1344418449945346     
   4.8135756158494463        5.3318700688424983     
   3.7865196785567270        1.7799830047598335     
   1.9871058711792240        7.0644246916037794     
   3.5666470712914751        1.9538115281019244     
   10.268482193142933       0.47695129524886815     
  0.17736247822550144        9.7093674382006778E-002
   2.9887805410560886      -0.76795564900014179     
   2.4575447114219240        8.6826399873943583     
 -0.36272728190256620      -0.44594990717334815     
 -0.72396764605379893      -0.67517433355852319     
   5.4855889403366653        1.6869288030963276     
  -1.2362413078801890        4.5181915767305973     
  -2.5430814487802351       -8.9219393611419395E-002
   1.0952937221808692       -2.6674484180008640     
  -1.8648703729472842       0.54878859316065087     
  -2.6038784381717006      -0.78944543897375175     
   14.982388570850873        1.1960747114768835     
  -1.9935474961253377        4.5274697082747597     
  0.30640851517413425       -1.1237310607854654     
 -0.38065649115271949        4.9649063219598020     
   1.1634689869839208       0.85633136522742737     
   8.2808485800158813        2.3506563162812584     
  0.91437840908879009       -1.9456643611094500     
   2.7937727219278812       0.89235234651652595     
   5.0863504578157670       -2.0308048623382291     
  -2.1809556915796127      -0.89123199973764500     
  -1.6668374609003260        6.4030167113048879     
  0.35185869170950168       0.48029415146698584     
   3.6136466856632761       -1.7955769390715377     
  0.70719643553146527        6.1748838298072624     
 -0.21139885321094498        5.2515732980522145     
   1.8438935454403471      -0.89928214328331491     
  -2.0187811980329604       0.47169823547754097     
   2.0280552997135248       -1.6371664872660685     
   1.7163969463281474        4.2571759054955738     
   3.2969628420770558E-002   9.1625786301383201     
  -1.3081057103890328       0.86683748477008082     
 -0.46757257550119835        7.5470921965666093     
   2.1531908506940165        1.6047218287528353     
  0.26435234532809604        8.8001857274722326     
   3.8679020563465163        3.5318443277196274     
   4.8276681218855746        4.1747642664856652     
  -1.7691003581049030       -1.3309881463087279     
   1.2317918172952038        2.4916020498859521     
   1.4935730288982616        6.6124568866032476     
  0.59519421478359558        4.4217262972935032     
   4.6367183542337393        1.6202763434004006     
  0.15308795212138460        13.048751316032696     
   5.0770538307971691       -1.0048891111536276     
   2.1304288710492751        1.9989400870465057     
   9.4827327531861219        1.8548561618901096     
   6.3331231739445659E-002  -3.6170583593902816     
   4.2494695692566680      -0.79868945974017791     
  0.84011606707118025        6.0038182794617772     
 -0.42481546949105953        6.4126018398486728     
   7.8955181466458217        1.5486778209327690     
   5.4896101004359803       0.94832813278111994     
  0.82417899218215540        3.6204300174997317     
  -2.2274757180496598        2.7875812683002628     
   4.8226140032286384       0.77477249566091677     
   2.4642220506694090       -1.3289073888668383     
   6.8793820569622479        2.1596700717380153     
   6.3906450936988168       0.62495795984489133     
 -0.85659214657705052       0.92294971414561866     
   8.8237051934232937        3.1322365665436860     
   2.6235927995596584       0.73520399348728516     
   2.4535973340767252        2.3244933497578315     
   6.5925147089597989        3.2741374019249849     
  -1.6050444043282965        3.0296313471141318     
   8.2169158235744906      -0.18387680182851174     
  -1.7467072922307405       -2.2010517540180521     
  -1.0035673927758362        7.8897349589236168     
   4.4457316952048451       -1.6372688195992762     
 -0.80523934971241440       0.49342680089530289     
   5.5459801245804936      -0.82952560281342125     
  0.86166063127301085       0.98680509006720341     
  0.76603818193886086        3.3259857840835365     
   2.3668288152364787        8.9976530197852949     
   1.8497592743925577        3.2670423601559198     
 -0.45462370215386549        5.0484436166349944     
 -0.18059455336757502        2.4899988433323652     
  0.80042094535685004        4.0039716023620695     
  -1.3150781806529812        5.9600200408488959     
  0.31640607835683277        5.4426277641509291     
   1.7802559200154211        1.2423630368644845     
   3.5752427621459728      -0.63345685238753058     
 -0.81394571469808552        8.7341813725532873     
   2.5151321510093498        10.153189726366275     
   3.7700292330118335        3.4762096492323926     
   3.1231020449240057        5.3929624717674756     
   6.7045169297076690       0.15272835286924202     
   4.3812455681075857        3.6980661476266152     
 -0.83430975483406167       0.95828847987999977     
   1.2339684085416214       -2.6132463921785360     
   7.5001901500930632       -1.6657854297864794     
  -1.7019949432365316        3.9480299268752108     
   11.182244711490755       0.18656624438324432     
 -0.41109187722551033        12.714772691220606     
  0.53332737545744990        2.3407300799601152     
 -0.52206113941575794        1.3954522073431552     
   5.2813951683210334       -1.7350985301458062     
   4.4609309425527108        3.5075915647494100     
   1.3631620109984852        1.6213337775102130     
   1.5048248989009294       0.89654797217804072     
 -0.23998967043083930       0.80267511184887352     
   7.8690301379182284        1.9848182250638478     
  -1.7380747099991853        7.5669787799866324     
 -0.76473261770280931        10.429555247582449     
   4.9962248236632494        6.1856287247940660     
   5.2110802036486223        5.1704919793740061     
  -2.4422573152809175       0.20942046546628967     
   1.3401417917143381        2.0388496969974956     
  -1.0377739622294602E-002 -0.93888475623468182     
   4.8772870240284885        1.9850911112857346     
  -2.3357150183376212       0.31066125378640885     
  -1.5789990921253991      -0.89767893672972798     
   6.1085736247138982       -1.0548614005367050     
   4.0656767287540685        1.6789127703283939     
   2.6089100314906033        1.1527881345300401     
 -0.91495430508269271        3.5181659058475359     
 -0.91967640134610740        4.6315416911469569     
   3.4364574016540472        3.6164049457268965     
  0.63153222118565466       -2.2779374470347458     
   3.2781196113214190      -0.42872396441672400     
   1.7847566680164886        6.8704366986197769     
   7.5179717938349846        2.4884297475565149     
  0.23413830751765285        5.2500383130541000     
   4.5253432868958541        2.2188181603320474     
   1.9848554971786903       0.67319059956343841     
  -2.7635074267013557       -8.7343300835945659E-002
   2.8304058593464032        6.0847972658067793     
   8.6867930302403806E-002  -2.5558720640267705     
