   4.4544636347150660E-010
   6.5274376374659998E-010
   1.0875986562509380E-009
   1.3231223225534897E-009
   2.2423156077868401E-009
   3.8820514440676893E-009
   4.5560640353687012E-009
   1.0585287892551417E-008
   1.2864012535539599E-008
   2.0152250551858530E-008
   2.6507479828456457E-008
   2.7640766341662463E-008
   2.9560709712057995E-008
   3.6932291794944126E-008
   4.0551440272540783E-008
   4.7105724048095057E-008
   6.0652297080495577E-008
   6.6373261825020045E-008
   7.0862433025234950E-008
   7.8537688515695117E-008
   1.1223882358988048E-007
   1.2090782993568882E-007
   1.2940007261423222E-007
   1.3856337701126642E-007
   1.6626326909899142E-007
   1.9070327612891755E-007
   2.1095853555807415E-007
   2.4308519513770678E-007
   2.5877317523259637E-007
   3.2241364702572188E-007
   3.3479781337818747E-007
   3.5431462011540610E-007
   3.7950598251724848E-007
   4.6819541887671338E-007
   5.0596613309673029E-007
   6.1888032418199001E-007
   7.1390702790673197E-007
   8.2359282085613552E-007
   8.5361777294883822E-007
   9.1448536200160888E-007
   1.0301341190955160E-006
   1.1439433272125383E-006
   1.1489220173605060E-006
   1.2242667699064903E-006
   1.4202599863449769E-006
   1.6523413964951978E-006
   1.7031353296084864E-006
   1.8562713498694262E-006
   2.0971203311481519E-006
   2.3358173644337139E-006
   2.5564344010409100E-006
   2.9016383969000371E-006
   3.0969117090184183E-006
   3.4109652410367054E-006
   3.6729077730986211E-006
   3.8450087997032185E-006
   4.6111345927560022E-006
   5.1043284074997594E-006
   5.4271691427254985E-006
   6.0779504422788683E-006
   6.1221244606388716E-006
   6.7860353366104357E-006
   7.1963735240455013E-006
   7.2106085499963568E-006
   8.2141670097019186E-006
   8.5130680214042708E-006
   9.9138099891780112E-006
   1.0070737882020456E-005
   1.0643043166448654E-005
   1.2011191418462538E-005
   1.2228074796144944E-005
   1.3761399718598796E-005
   1.5314872534271132E-005
   1.5833269625871579E-005
   1.6858607321795895E-005
   1.8962537180991481E-005
   2.1472067641068470E-005
   2.2244693649451109E-005
   2.5621146769776475E-005
   2.6834379025909360E-005
   2.9079189202985274E-005
   3.0980411813711663E-005
   3.2526487544758946E-005
   3.4603054575579442E-005
   3.6599153144332888E-005
   4.0430512060493736E-005
   4.4180516087296014E-005
   4.6565037193794159E-005
   5.0201907697372563E-005
   5.5418179867471107E-005
   5.6494593304087281E-005
   6.3926935160148155E-005
   6.5131687017890613E-005
   6.7198081794116174E-005
   7.3626498857164591E-005
   7.8946803515022299E-005
   8.3522361399973212E-005
   9.2714368085911218E-005
   1.0594339620477953E-004
   1.1126095960376197E-004
   1.1785665431981081E-004
   1.2625985315665997E-004
   1.3282064991402371E-004
   1.3392561233186372E-004
   1.5110837498792591E-004
   1.5572545928090755E-004
   1.7223051294747946E-004
   1.8787571252316929E-004
   1.9576606398912522E-004
   2.2045588076969092E-004
   2.4118077531110459E-004
   2.5370189252666748E-004
   2.7578579362437137E-004
   2.8012155292702425E-004
   3.0432982964348026E-004
   3.1857095575336052E-004
   3.2391302336644322E-004
   3.4064548487312965E-004
   3.7356071574774031E-004
   3.8257723228402859E-004
   3.8808600107767592E-004
   4.5693825311100079E-004
   4.8290401412700261E-004
   5.0801994329086509E-004
   5.4798008384426323E-004
   5.6038939845858330E-004
   6.2099682113126342E-004
   6.4015832449639909E-004
   6.8453077644598361E-004
   7.0615066377771325E-004
   7.7904986857081507E-004
   7.9406757431273959E-004
   8.5826706299874512E-004
   9.3341958270574542E-004
   9.8754181224785967E-004
   1.0562913391269299E-003
   1.0745010696150731E-003
   1.0908040723023966E-003
   1.1682480737617298E-003
   1.1976133749952405E-003
   1.3599736422539020E-003
   1.4015596882105876E-003
   1.5173168630698336E-003
   1.6483037223375251E-003
   1.7164352662906411E-003
   1.9410944409196443E-003
   1.9574296541010157E-003
   2.0032231545300621E-003
   2.1546254757493460E-003
   2.3331488078816424E-003
   2.4624340754215517E-003
   2.6044603659560188E-003
   2.6979638548336581E-003
   2.9167585711242948E-003
   3.0981558391510169E-003
   3.2540651949704833E-003
   3.3659930898876341E-003
   3.8123968564693343E-003
   3.9316413974155523E-003
   4.1286360526572559E-003
   4.4244940787998037E-003
   4.7656881307587516E-003
   5.0467633737142584E-003
   5.2004872621922802E-003
   5.3063941539531366E-003
   5.6459011287203348E-003
   6.0729953305942155E-003
   6.2687174377947285E-003
   6.4512904520599062E-003
   6.8671714073325419E-003
   7.0546933798134462E-003
   7.6073930153942376E-003
   8.0641527973114181E-003
   8.5838666096266156E-003
   8.8753914741066219E-003
   9.8472355772752877E-003
   9.9605163366224964E-003
   1.0947267740326089E-002
   1.1315201922123473E-002
   1.1618487956289662E-002
   1.2845473054523838E-002
   1.3959265464037696E-002
   1.4703606232654903E-002
   1.5991023111845065E-002
   1.6774878172782174E-002
   1.7026145611778544E-002
   1.8123848372829546E-002
   1.9004797179492262E-002
   1.9745650148007832E-002
   2.1487080218664571E-002
   2.2175649907379899E-002
   2.2416681164056453E-002
   2.3541129748523980E-002
   2.4647859133600208E-002
   2.6481373791819158E-002
   2.7829455673252717E-002
   3.0663675334387099E-002
   3.1601941341917045E-002
   3.3035061894999614E-002
   3.4506009265683986E-002
   3.5141660229557163E-002
   3.6180653959044518E-002
   3.6671108553856219E-002
   4.1502160325304037E-002
   4.2735040426444368E-002
   4.4813774110940778E-002
   4.9307082036790947E-002
   5.2545621818576110E-002
   5.4779541459261005E-002
   5.6981729421192409E-002
   5.8381362544805158E-002
   6.0848941269848432E-002
   6.6449977496132254E-002
   6.8243334620459159E-002
   7.1080611319183376E-002
   7.7949706309623626E-002
   8.1251394382498690E-002
   8.4406376510074113E-002
   8.9015526230086739E-002
   9.0964614423553053E-002
   9.4982828087583862E-002
  0.10302316857689128     
  0.10623797501411365     
  0.11070362742088875     
  0.11534140997393605     
  0.12134196328079770     
  0.12903722410135898     
  0.13347282329662835     
  0.14639941921715413     
  0.15288398557309921     
  0.15841399827969793     
  0.16404760481397182     
  0.16542629640661313     
  0.18179957924284346     
  0.18498428700787492     
  0.20254917693588045     
  0.22091903171930244     
  0.23659706435362021     
  0.25132366840495707     
  0.26571132466553116     
  0.29102028429660243     
  0.30686293241602292     
  0.30910526888539819     
  0.31986512341556672     
  0.34209029738956109     
  0.35506852606668216     
  0.38963150284991832     
  0.40295752905304910     
  0.41421609830424894     
  0.44605863042702876     
  0.47893091584503417     
  0.48550637839668825     
  0.50373802252348021     
  0.52276275725411903     
  0.55440745909012534     
  0.61183516503480695     
  0.63800598029174971     
  0.66753449560278733     
  0.68748846676337716     
  0.76057068338733469     
  0.76853687280393568     
  0.81030471306724539     
  0.88582527974851566     
  0.90062552713400656     
  0.96083336126541441     
  0.97643830113315200     
   1.1482553951485526     
   1.1883613455014801     
   1.2988210481071762     
   1.3469837402086400     
   1.4407157989091142     
   1.5152860034320392     
   1.5915437491749052     
   1.6891775997966703     
   1.7546440187209527     
   1.9210468955360884     
   1.9947978145832199     
   2.2220187817742576     
   2.3033163428763741     
   2.4634477533650521     
   2.4962860781401179     
   2.6773164499542856     
   2.9140688738503084     
   3.0382725811994455     
   3.3223249941377597     
   3.8175899960519053     
   3.8881776161114243     
   4.2473956236470309     
   4.4005020612030492     
   4.7975898911372701     
   5.0193665662754157     
   5.2190125396870233     
   5.5924553441559492     
   5.9538591719259211     
   6.4553640618073738     
   7.0682632808616708     
   7.5985595580590681     
   8.3790932399777027     
   8.9017476139237619     
   10.431116341864092     
