1.33723927345
2.11057242956
2.20348910117
2.29557237247
2.85723893165
2.97682225728
3.03598894286
3.06890552858
3.16182220019
3.21223882613
3.57723877974
3.72348875937
3.80932209896
3.81557203068
3.83473879852
3.9351553563
3.98557198224
3.99432204188
4.07848865385
4.08723863443
4.27057197382
4.44348860746
4.53557187877
4.55598860106
4.59973866814
4.60807195462
4.6818218584
4.73223848433
4.76765519799
4.79307189754
4.85182180996
4.86057179053
4.91098849554
4.92057179735
4.9372385139
4.95348846215
5.13682180154
5.22890507285
5.27598844915
5.33098855174
5.35473845672
5.37307182425
5.40182170649
5.45223833242
5.51432170008
5.55807176717
5.56640505364
5.57723839997
5.59848831205
5.60723829263
5.68432165165
5.69390495346
5.7097383512
5.71223831491
5.72682161825
5.78598830383
5.78682162507
5.80348834162
5.89557161292
5.96932164323
6.0284884493
6.07473830481
6.09515490057
6.10432170784
6.11973832634
6.14557152651
6.19057163203
6.23432154817
6.28932165076
6.31307155574
6.31848816014
6.32723814072
6.33140492327
6.43098815374
6.44057145555
6.44348822769
6.46223818711
6.47348812035
6.47473822082
6.4830715073
6.48557147102
6.53557149899
6.55932145994
6.56015478118
6.57848814263
6.58473815949
6.61932146676
6.63598818331
6.69223836083
6.76182144064
6.76807149889
6.77723821008
6.8018216054
6.81223806658
6.83973817443
6.85098820994
6.92765474226
6.98682154832
7.01182135423
7.0205713348
7.03307140383
7.05682145975
7.06265480687
7.07807142537
7.14890473105
7.15098800183
7.16057130364
7.17057141394
7.19348796844
7.20598810442
7.2297380094
7.23223797311
7.23557134321
7.24807137693
7.27598806937
7.30598796204
7.30682128327
7.32223828633
7.32848801483
7.33723813412
7.34973802912
7.35182129874
7.3580713156
7.39265462286
7.40182132671
7.41098798432
7.41807132242
7.43473803896
7.45223795265
7.46557151694
7.53307136852
7.5484881075
7.57098805803
7.59432128233
7.6434880378
7.65057145986
7.6784878943
7.68723787487
7.72640459791
7.7355713091
7.76015470443
7.79807127346
7.80932130896
7.8372379954
7.84432119591
7.85390449773
7.87057140416
7.88682116252
7.88932130143
7.90348800198
7.9184882258
7.94390457004
7.94973785749
7.9522378212
7.97932126052
7.98223784531
7.99473787903
8.01515455877
8.02598781012
8.02682113136
8.03682124166
8.06557118471
8.07473792503
8.08098791271
8.09557144244
8.09848780083
8.10182117093
8.10473781769
8.12307118522
8.13932112496
8.16098785652
8.18307119204
8.18432114043
8.19140447852
8.19973790859
8.20348796184
8.20973783998
8.21223801903
8.2343211684
8.26432125211
8.26848795559
8.28057138536
8.29557123315
8.31848778037
8.32723776094
8.37723802019
8.39307113799
8.42390461596
8.4622379315
8.47598787949
8.48098817924
8.49140446754
8.50682120653
8.51098773599
8.5205710378
8.52932115705
8.55348770259
8.56723791351
8.60182113682
8.6105711515
8.64307105157
8.64557101529
8.65223776276
8.67682115809
8.68807115709
8.69057107214
8.69182138191
8.7022376934
8.70348782312
8.71473772712
8.71932100421
8.72015432545
8.72598776262
8.73682123188
8.77848781027
8.81015439776
8.81848764892
8.82473766578
8.82890450318
8.83973779466
8.84223794453
8.84765440046
8.84848767303
8.85432106882
8.85723798221
8.85932097305
8.86932108334
8.86973768732
8.87682132483
8.91432107564
8.93098764252
8.93098779218
8.93182101243
8.93223786712
8.93432101262
8.93807098062
8.940570993
8.95640434815
8.95973771217
8.96182114967
8.9747377096
8.98307099608
9.00973814665
9.03307102406
9.03598780353
9.04557122223
9.05390454146
9.15098762206
9.15807100761
9.16057092387
9.16182106087
9.17057111806
9.19348758866
9.19723783901
9.2122376868
9.22265435113
9.22682105461
9.2355710876
9.24348784791
9.25432133534
9.27473773514
9.30973759165
9.31057129023
9.31223755536
9.32848775922
9.33557111921
9.34057106962
9.3572376536
9.38598754428
9.38682086552
9.39557088748
9.4080709212
9.41057092023
9.42348766018
9.43432097851
9.438487884
9.43932127826
9.44223772181
9.44598761071
9.45307102672
9.47682097922
9.50473812802
9.51182084301
9.51807085986
9.51848759048
9.52723757105
9.53598766481
9.55182096638
9.55265416713
9.55682089986
9.56223779262
9.56848752112
9.56932107357
9.57098767825
9.58723786759
9.58973753541
9.60098757091
9.6118209732
9.6255710612
9.62848768975
9.64265423945
9.64640425612
9.65015448093
9.65098749061
9.65807082871
9.668070939
9.68098751472
9.68765423174
9.6951543309
9.70307085024
9.7059875932
9.72348780993
9.7247375818
9.72973749818
9.73307086828
9.73723794423
9.74557095684
9.74807086571
9.76432085412
9.77390415593
9.78307130275
9.79348777848
9.79807089368
9.80057104356
9.80682082072
9.81557108124
9.81890437833
9.83473765919
9.88932089121
9.89057096615
9.91182104995
9.9201542487
9.94973747771
9.95223744143
9.96598812336
9.96807124567
9.97057099512
9.9822375897
9.99432090255
10.0009878374
10.0259874303
10.0268207516
10.0397376048
10.0622374276
10.0722376473
10.0747374613
10.0759876896
10.0772375017
10.0784875145
10.0872374951
10.0872375717
10.0872378676
10.1018209153
10.1039041143
10.1372379442
10.1393208048
10.1434875083
10.1584877321
10.1609876009
10.1768211179
10.1784873831
10.1843209103
10.1847373999
10.2018209469
10.2126544344
10.2155708779
10.2193207072
10.2234874813
10.2330708342
10.2522375729
10.2555709867
10.2618207152
10.2684875758
10.2689043893
10.2755708847
10.2768207479
10.2780712841
10.2830707295
10.2922376013
10.2984874685
10.3093208209
10.320987419
10.3347375205
10.3443206847
10.3509874322
10.3514040228
10.3559877319
10.360570734
10.3605710237
10.3680709292
10.3851541293
10.3893207415
10.3934873988
10.3934881327
10.396820983
10.4009873628
10.4034874908
10.4114041257
10.4230706983
10.4330708086
10.4343207338
10.4414040951
10.4497373463
10.4534876953
10.4559874654
10.463071227
10.4793207493
10.4797373704
10.4947373678
10.4980707379
10.5105712902
10.5205708916
10.5276541726
10.5293207773
10.5297378048
10.5455712222
10.5559876516
10.5630707098
10.5655706735
10.5655708804
10.5668209346
10.5839041602
10.5868207888
10.5997375288
10.603487772
10.6118207846
10.6205707651
10.6393206624
10.6401539836
10.6684875868
10.681820909
10.6851542061
10.6955710433
10.7022373136
10.7022374378
10.7147373473
10.7172374972
10.7209876855
10.7322375349
10.7393212795
10.7414044018
10.7443208916
10.7705706544
10.7705706958
10.7709874884
10.787238156
10.7930707582
10.8059873449
10.8072374198
10.8184872691
10.824737286
10.8368207024
10.8455708034
10.8484874174
10.8518209262
10.8572379822
10.8593205933
10.8605710237
10.8747375453
10.8818208079
10.8847376993
10.9055708102
10.9109873562
10.920570658
10.9222375268
10.9243212224
10.9284872553
10.9322374873
10.934320757
10.9434873294
10.9497372696
10.9534873228
10.9534876953
10.9593209365
10.9597374566
10.96223738
10.9622379315
10.970153942
10.9980707038
11.003487772
11.0093209596
11.0109872248
11.0143206131
11.0180705629
11.0184873166
11.0247377862
11.0343207886
11.0489040408
11.055987323
11.0672374023
11.0943205569
11.0955710433
11.0997373901
11.1072375258
11.1080706766
11.1093205896
11.1164038924
11.1168208311
11.1184874006
11.1272373812
11.129320888
11.1318206314
11.1330707989
11.135154217
11.1426540093
11.1430705404
11.1472381932
11.1497372878
11.1522372515
11.153487363
11.1543205819
11.1643206922
11.1668212888
11.1768206469
11.1772380202
11.1855708429
11.1880705972
11.1997372185
11.2064039647
11.2139040857
11.2147372159
11.2259872405
11.2259872514
11.2268205617
11.2268206748
11.2268208514
11.2293206215
11.2309875402
11.2364043831
11.24473724
11.2497376529
11.2505707003
11.2855707285
11.285987537
11.3134874367
11.3155705457
11.3189043783
11.3264040282
11.3280705794
11.3309874124
11.3372379954
11.3518212317
11.3547375073
11.3768211179
11.3797376807
11.3955706319
11.4105705405
11.4118210499
11.4143208796
11.4318205012
11.4318207082
11.4359876136
11.4372372358
11.4372373453
11.4380705181
11.4418207429
11.4443206263
11.4459872309
11.4539039281
11.4684873859
11.4689043893
11.4705714042
11.4726538253
11.4734882444
11.4859877816
11.4868205929
11.4880709039
11.5005706139
11.5018207497
11.5034872424
11.5143207506
11.5176540477
11.5184874662
11.5430707473
11.5455707194
11.5580706278
11.5605713121
11.561820871
11.5622374128
11.5684871413
11.5684872655
11.5897371556
11.5922373055
11.5984873626
11.6072373432
11.6072375258
11.6122374969
11.6368204821
11.6368205235
11.6397374149
11.6509871108
11.6580704489
11.6580708554
11.6705714139
11.6789039663
11.6793207846
11.6809871532
11.6809872591
11.6822372281
11.6972373278
11.6976543785
11.7097372119
11.7118205106
11.7122371756
11.7234878099
11.7247373262
11.7268208514
11.7293205874
11.7330706127
11.7355710876
11.7372381341
11.7447376343
11.745571255
11.7597375076
11.760987097
11.7659883096
11.7759871711
11.7830704325
11.7859871645
11.785987537
11.7868204857
11.7955705429
11.8026537837
11.8080708153
11.8097370804
11.8101540252
11.8155710812
11.8172372745
11.8272373739
11.8284877592
11.8309872737
11.8330706443
11.8359876136
11.8401539069
11.8405705584
11.840987676
11.847653776
11.8518204795
11.8547371787
11.8618205898
11.8643206824
11.8730705462
11.8759873901
11.8805706258
11.8905705864
11.8930704125
11.9022371237
11.90807041
11.9080704453
11.9134877909
11.9147371575
11.9205713493
11.923487149
11.9268205191
11.9376538483
11.943070847
11.9459870995
11.9509872423
11.9530704668
11.9605705441
11.961820871
11.9622381871
11.9647370881
11.9676540587
11.9734873535
11.9759871236
11.9772382101
11.9789039226
11.9830708852
11.9934872089
12.0043206963
12.0122374969
12.0184870793
12.0239037725
12.0247370961
12.0247383888
12.02848731
12.0334872848
12.0434878479
12.0518206706
12.0593204034
12.059320463
12.0593206931
12.0605706512
12.0622371719
12.0643207031
12.0655708804
12.0772371219
12.0809874197
12.0847373927
12.0914038979
12.1055712922
12.1105711515
12.1197373769
12.1251543878
12.1305705394
12.1322372975
12.1355711192
12.1434871285
12.1518205562
12.1530708368
12.1584873523
12.167237154
12.1755706449
12.1818203734
12.1851542061
12.188487245
12.190571632
12.2030703877
12.2034878231
12.2059876297
12.208070752
12.2093209596
12.2122383149
12.2347374693
12.2430704819
12.2443208916
12.2455704456
12.2468214005
12.2497384819
12.254737489
12.2618204596
12.2643203429
12.2643205498
12.2684876854
12.271403681
12.2751539058
12.2768203682
12.2893205114
12.2934872673
12.3034870636
12.3072378142
12.3080706169
12.3122371536
12.3130706063
12.3164039034
12.3193204345
12.3201537558
12.3209870392
12.3272373739
12.335154217
12.3368212319
12.3709872985
12.3726539786
12.3755704222
12.3772384
12.3784870507
12.3855708429
12.3943207127
12.400986983
12.4009871072
12.4047373575
12.4205717974
12.4230703186
12.4255704684
12.426820485
12.4289045032
12.4309872043
12.4318213434
12.4380708284
12.4405705061
12.440988589
12.44390457
12.4443208806
12.4472372
12.4497369665
12.4559872098
12.4622370478
12.4693203238
12.4693203652
12.4705704839
12.4734871709
12.4734873535
12.4747370815
12.4768205653
12.4784873246
12.4797371148
12.4822375897
12.4872373052
12.4980704823
12.5039038184
12.5143203161
12.515570391
12.5189044111
12.5205705119
12.520570568
12.5255705013
12.5284871712
12.5330706637
12.5368212417
12.5393214657
12.5451536736
12.5559876516
12.5593206931
12.5597369526
12.56182058
12.5730706849
12.5747369501
12.5747370268
12.5784870033
12.5847370202
12.5847373927
12.5872370605
12.5872386344
12.5905704306
12.5930706705
12.5959872382
12.5980705139
12.59848871
12.6014036394
12.6018209153
12.6034879618
12.6043204298
12.6097373871
12.6105703506
12.6143208322
12.6193203274
12.6197370483
12.633487639
12.6347374693
12.6351537459
12.6393202936
12.6434869971
12.6455704627
12.645987041
12.6580702822
12.6609876009
12.6622377086
12.6672378514
12.6730703149
12.6734870212
12.681820909
12.6843203504
12.690570354
12.6922372215
12.6934872016
12.6955712331
12.6959869717
12.702237058
12.7030707333
12.7122388261
12.7159874843
12.7209873058
12.7222388451
12.7243214086
12.7268204789
12.7322375349
12.7355713432
12.7497370979
12.7509871984
12.7522370617
12.7568203606
12.762237223
12.7664039143
12.7684869515
12.7718205844
12.7855707285
12.7897369657
12.7943207127
12.7955723725
12.7972370795
12.7980715449
12.8059871952
12.80723704
12.8226537815
12.8259870506
12.8268203718
12.8284880148
12.8372392735
12.8376538592
12.8434880378
12.8451537503
12.8497372623
12.8509869209
12.8509872605
12.8559872207
12.8572376536
12.858070259
12.8580705488
12.8718208899
12.8759876896
12.8784873246
12.8789044483
12.8843205123
12.8872373052
12.8901536002
12.8939038141
12.8993208237
12.8997373389
12.901403946
12.9084870931
12.9268204789
12.9284869997
12.9318207082
12.9343202713
12.9355713091
12.9434869496
12.9768209792
12.9830714878
12.9843203979
12.985571471
12.986820409
12.9934879026
12.9955703178
12.9997373389
13.0018209469
13.0055703477
13.0080703515
13.0080708153
13.0143202151
13.0176540477
13.0184869368
13.020570568
13.0218204079
13.0222377459
13.023071638
13.0272376622
13.0280706451
13.0359876648
13.0364035506
13.0393205005
13.0393205187
13.0418208415
13.0422369623
13.0430707473
13.0434871395
13.0522375729
13.0568214597
13.0630701986
13.0630704055
13.0668204234
13.068487196
13.0780704759
13.0784881426
13.081403773
13.0880706519
13.0905703965
13.0943203013
13.1047373685
13.1093202099
13.1118202733
13.1168204513
13.1180702902
13.1247372056
13.1339037439
13.1359869053
13.1434874937
13.1455703165
13.148904731
13.1526535975
13.1534871073
13.1543202022
13.1555704268
13.1643207287
13.1676540587
13.1693210736
13.1705702746
13.187237108
13.1905710721
13.1922370828
13.1930705683
13.1934872016
13.1939049535
13.1997368387
13.1997369629
13.2022374378
13.2051544996
13.2059869651
13.2080715809
13.2089035851
13.2118202136
13.2143217451
13.2147368361
13.217236986
13.2205703561
13.2255704915
13.2293203659
13.22973706
13.2322370237
13.2434882277
13.2447369844
13.2497372732
13.2518206706
13.2605706512
13.2655709132
13.2680701794
13.2680702208
13.277236932
13.2797371658
13.2855703487
13.2859879678
13.2868216251
13.2893204323
13.2951543309
13.2989036574
13.3018203274
13.3043205685
13.3059868336
13.3059870126
13.3059871952
13.3068203338
13.3072369086
13.3101543978
13.3109871663
13.3155702901
13.3205704681
13.322237147
13.3247368222
13.326820833
13.3284868755
13.3293203975
13.3343205378
13.335571499
13.3368201911
13.3372369327
13.3397368964
13.3434869386
13.3455709568
13.3484874174
13.3484877971
13.3497368898
13.3497372623
13.3509869319
13.3534871329
13.3547375073
13.3580705488
13.3584871624
13.3605717905
13.3609873342
13.366403509
13.3664038267
13.3693210833
13.3718218662
13.381820248
13.3847371881
13.3868203957
13.3872376995
13.3893201658
13.3934868692
13.3934870189
13.3964039274
13.399321688
13.3997373389
13.4043201985
13.410986845
13.4180701831
13.4205702721
13.434320757
13.4355708647
13.4359878035
13.4372369655
13.4534884621
13.4597374566
13.4709870465
13.4768201783
13.4789039226
13.4822378453
13.4855719822
13.4893206404
13.4955720012
13.4976545647
13.5022369338
13.5118202904
13.5143207506
13.5147369676
13.520153679
13.5209868493
13.5259870433
13.5314037839
13.5372375169
13.544738047
13.5484871581
13.5493206473
13.5568201817
13.5568218091
13.5618210609
13.5659873638
13.5680704861
13.5684868857
13.5689055286
13.5772375017
13.5784886539
13.5809871459
13.5843203613
13.591820738
13.5930705683
13.5984873626
13.6009867931
13.6018202871
13.6018211709
13.6047370509
13.6059870929
13.6072373432
13.6105724296
13.6122376868
13.6184868894
13.619737187
13.6230701287
13.6230704184
13.6247369062
13.6255709504
13.6293203768
13.6318201688
13.6409878623
13.6497367766
13.6505703205
13.6518205562
13.6593202135
13.6609878565
13.6618222002
13.6722368878
13.6747375453
13.6759878795
13.677653592
13.6793204048
13.6805719441
13.6822368483
13.683070368
13.6855703317
13.687237108
13.7034891012
13.7039035446
13.7109871663
13.7134877507
13.720570322
13.7205704681
13.7205708563
13.7226534419
13.7234874813
13.7301536834
13.7309872225
13.7322371076
13.7322379731
13.7368203981
13.7393202351
13.741820256
13.7447372545
13.7518203663
13.7534871329
13.7564046439
13.7593203206
13.7601536418
13.7609868414
13.7643205498
13.7676534342
13.7697381401
13.7730706849
13.7747371472
13.7759867913
13.7830702536
13.7884873436
13.795570902
13.8018211368
13.8080706169
13.8093203595
13.8093208209
13.8126536566
13.8130700707
13.8134869255
13.8164039034
13.8168202956
13.8172370189
13.8180703997
13.8222370083
13.8272369941
13.8280700682
13.8280702751
13.8343207886
13.8347375205
13.8372368561
13.8389035106
13.8518200997
13.8518212987
13.8522377628
13.855570417
13.8576539228
13.861403808
13.8618201455
13.8630705052
13.8755701252
13.8797371695
13.8830701598
13.8868203957
13.8893213014
13.8930701569
13.8955706319
13.8972375542
13.8989035808
13.8997379415
13.9022368681
13.9034868627
13.9080700655
13.9105709202
13.9109879843
13.9168206498
13.9184870865
13.9184874006
13.9209871159
13.9268202635
13.9272373812
13.9289035829
13.9347367609
13.9372368341
13.9405714556
13.944320115
13.9459867197
13.9514034531
13.9518210017
13.9559869724
13.9580704379
13.9609882472
13.9647367083
13.9647368325
13.9655702389
13.9664039143
13.9672368582
13.9680709292
13.975986868
13.9768206566
13.981404737
13.9822368959
13.9855707613
13.9934873731
13.9947369296
13.9997370139
14.0005701027
14.0018204661
14.0034867312
14.0059878159
14.0072368501
14.0151545588
14.0259870433
14.0268202951
14.0330700491
14.0330700905
14.033486905
14.0368201023
14.0455701595
14.0484868295
14.0505701976
14.0534869358
14.0559867058
14.0568208999
14.0572367808
14.0601547812
14.0630704675
14.0655711847
14.0684872655
14.07098678
14.0759880694
14.0805708936
14.0809867734
14.0809871459
14.0809871823
14.0843205123
14.0868200633
14.0939038141
14.0976533926
14.0984868514
14.1018200961
14.1047368683
14.1047370509
14.1072382926
14.109737022
14.1122369857
14.1130703287
14.1184883682
14.1193214668
14.1197373769
14.1218209532
14.1230704184
14.1247380346
14.1268204789
14.1276541726
14.1309872225
14.1347370603
14.1393201755
14.1426542394
14.1434867597
14.1455704627
14.1518201765
14.1580703442
14.1609867172
14.1643202406
14.168070939
14.1726548441
14.1809872591
14.1818201178
14.1822373668
14.1830700527
14.1839035906
14.1859869746
14.1868202959
14.2018213267
14.2022376934
14.2059872499
14.2080703722
14.2097367006
14.2105701607
14.2118207846
14.2122370696
14.2184867469
14.2193202374
14.2205707651
14.2234876054
14.2247373262
14.2268216182
14.2322384843
14.2330706127
14.2347376592
14.2359871425
14.2422385033
14.2443210668
14.2459868512
14.2522379526
14.2626536675
14.2647378951
14.2684868272
14.2705706958
14.2784870434
14.280570246
14.2851539321
14.2859883038
14.2926536368
14.2955700804
14.3043202094
14.30932002
14.310570673
14.3122367738
14.3130703811
14.3130706063
14.3143203197
14.3155720307
14.3159881417
14.3168202615
14.3226538034
14.324736899
14.3272369941
14.3301549652
14.3409871648
14.3443201321
14.3451537503
14.3455707985
14.348487673
14.35182181
14.3543200123
14.354320302
14.3572389317
14.3580704379
14.3580704866
14.3622370331
14.3684867616
14.3697369205
14.3705701261
14.3705706799
14.3759868789
14.379320249
14.3872373964
14.3893200234
14.3897367759
14.3943209026
14.3997366488
14.4005703096
14.4009867274
14.4068209448
14.4109884955
14.4143210184
14.4147366462
14.4184869478
14.4284871201
14.4309872043
14.4343210126
14.4351534501
14.4351553563
14.4355702039
14.4368201327
14.4397374149
14.4405702262
14.4405705061
14.4434873294
14.4472369444
14.4480702376
14.4497370833
14.4509867311
14.4518203565
14.4522378212
14.4539051002
14.4580700692
14.4597377122
14.4622367922
14.4651533318
14.4734871709
14.4734882627
14.4747377351
14.4764034477
14.4768222573
14.4784875145
14.4809870399
14.4843203979
14.4847369398
14.4855701589
14.4872374951
14.4897379882
14.4943220419
14.4947369953
14.503071146
14.5043205685
14.5055700507
14.5068202571
14.5084871916
14.509737022
14.5101535542
14.5122369857
14.5155700112
14.5159876706
14.5214032976
14.5243204628
14.5251535224
14.5334867736
14.5359889429
14.5393205005
14.5422374041
14.5480701232
14.5518201594
14.5534869358
14.555987323
14.5580701763
14.5593199518
14.5593201587
14.559736697
14.5622371719
14.5630704055
14.5634867977
14.5672367742
14.5701533724
14.574736647
14.5780699404
14.581403773
14.5859869746
14.5868202959
14.590570175
14.5926534835
14.5955701644
14.5959868584
14.5972383978
14.5984878008
14.5997373901
14.6039041143
14.6080703101
14.6080706766
14.6143200434
14.6297370417
14.6305700282
14.6330706443
14.6334872592
14.6343209785
14.6372367756
14.6434866173
14.6468201371
14.6530703256
14.6580700266
14.6605713036
14.6634871519
14.6655703776
14.6672366427
14.6705707103
14.6718208497
14.6730699351
14.6730710976
14.6734867655
14.675570085
14.6789039554
14.6809880953
14.6843211404
14.6872367063
14.6880711571
14.6893203215
14.6905701227
14.6905702066
14.693070208
14.6934868218
14.6943199872
14.6959865919
14.6959867161
14.69932101
14.6997366305
14.7030703536
14.7034866838
14.70973784
14.712236741
14.7164033228
14.7184875905
14.7193202374
14.7259868132
14.7272375711
14.7280712391
14.7305707171
14.7314037839
14.7330707989
14.7430699707
14.7472374337
14.7501538127
14.7505699749
14.7509872423
14.7534866034
14.7605705441
14.7618204596
14.7643199327
14.7643199741
14.7651534085
14.7655700076
14.7684866775
14.7684866958
14.7684871741
14.7743203764
14.7747377497
14.7768207479
14.7784866709
14.7784870434
14.7855703487
14.7934872089
14.7951532902
14.8068212833
14.8139035161
14.8193204819
14.8214036042
14.824736899
14.8272381407
14.8284871201
14.8309867807
14.8330701768
14.8384882163
14.8422369951
14.8430702871
14.8476544005
14.8484867236
14.8509872605
14.854320302
14.8622368579
14.8684874553
14.869319944
14.8697367379
14.8697369205
14.8747368916
14.874737925
14.8768201855
14.8772367421
14.8793202149
14.8822366584
14.883070368
14.8855703317
14.8859867775
14.8893207415
14.8926546229
14.8955708875
14.8980711907
14.9009871072
14.9022372149
14.9047368463
14.9080702164
14.9084867133
14.9143199363
14.9180713224
14.9193213462
14.9255700059
14.9264040282
14.9309866931
14.9318210124
14.9330708086
14.9372372358
14.9380700312
14.9405702262
14.940570993
14.9414040951
14.942236955
14.9434867487
14.9447370646
14.9518204721
14.9522383324
14.9559869906
14.9559872098
14.9580710891
14.9584869725
14.9593203206
14.9597365728
14.9601535651
14.9601536418
14.9622383514
14.9643209149
14.9734881203
14.9747365703
14.9759866014
14.9784868134
14.9797369212
14.9797371148
14.9809869012
14.9843200182
14.9847368303
14.9955700622
14.9968207615
14.9976534035
14.9980704823
14.9997375288
14.9997378429
15.0097370073
15.0118202904
15.0143199595
15.0143203099
15.018070093
15.0193201375
15.0272368042
15.0272372825
15.0305702351
15.0343211684
15.0355718788
15.0389039926
15.0434868838
15.0443206263
15.0455700829
15.0518199098
15.0518201995
15.0539039281
15.0568207683
15.0572371751
15.0593214599
15.0684875211
15.0693203055
15.0734874849
15.0768199884
15.0768214673
15.0772387797
15.0780704759
15.0847381595
15.0868205929
15.0876534758
15.0893203215
15.0893212978
15.0897367686
15.090987037
15.0922370316
15.095986727
15.0984883121
15.1005700442
15.1009868041
15.1018199901
15.1080698756
15.1143203209
15.1184877804
15.1209866594
15.1247368258
15.1259867511
15.1272377609
15.1289032433
15.1368205235
15.1430699877
15.1439034307
15.143903836
15.1455699367
15.1455710153
15.1459865298
15.1609875205
15.1622371974
15.1643203489
15.1647365184
15.1705701686
15.1709872985
15.1739034657
15.177653592
15.1793201212
15.1809875147
15.1818218584
15.1830711823
15.1843216516
15.188069879
15.1880701894
15.19098795
15.1918201039
15.1930707582
15.1934868218
15.1972366997
15.1997365831
15.2005716023
15.2009866033
15.2018203857
15.2018204661
15.202237058
15.2093200905
15.2097383512
15.2205701005
15.2230699388
15.2230709941
15.2234887594
15.2247375818
15.2268199676
15.22973706
15.2322370237
15.2330708683
15.2334867151
15.2368199538
15.2368203981
15.2397376048
15.2414033173
15.2468204913
15.2468214188
15.2497365867
15.2568198493
15.2568200563
15.2622368579
15.2622372522
15.267655198
15.2705706544
15.2718200245
15.2747368916
15.2759871711
15.2793200068
15.2830702536
15.2834866457
15.2864031672
15.2893208267
15.2930718975
15.2955703031
15.2972365682
15.3018200316
15.3059870126
15.3068200539
15.3068203338
15.3072365288
15.309319824
15.309322099
15.3109873562
15.311819941
15.3126536566
15.3164035856
15.3184876489
15.3205701321
15.320570658
15.3230700459
15.3247365666
15.3280701582
15.3280702751
15.3284866199
15.3309872737
15.3347387985
15.3372366771
15.3380702685
15.3397365166
15.3422366665
15.3455704954
15.348488071
15.3493208335
15.3518199866
15.3534873228
15.3539044977
15.3547371787
15.3572367042
15.3597367481
15.3651540438
15.3659875501
15.3705715539
15.3730705462
15.3743212894
15.3784868134
15.3805699004
15.3834869999
15.3843200011
15.3847368303
15.3859867775
15.3868202191
15.3872373197
15.3893199102
15.3914033392
15.3934864895
15.3934866136
15.3955699331
15.3980705139
15.3989035808
15.3997368277
15.4026532141
15.4030701978
15.4043198187
15.40598706
15.4080701823
15.4101534555
15.4172365149
15.4172372124
15.4193201375
15.4197375997
15.4234867107
15.4284869997
15.4309865141
15.4309876425
15.4322365891
15.4330708342
15.4384869346
15.4393201389
15.4409869165
15.4422365825
15.442236955
15.4476532063
15.4480710872
15.4530710267
15.4589032017
15.4618198302
15.4618198716
15.4626536675
15.4643206824
15.470153942
15.4709866667
15.4722382061
15.4747377096
15.4830709961
15.4922370316
15.4930698429
15.4968203148
15.5022366782
15.5039038732
15.5047369887
15.5080698403
15.5097368686
15.5122365839
15.518070093
15.5184870463
15.5205713348
15.520986926
15.5218199454
15.5222372347
15.5259866635
15.5264033709
15.5268211314
15.5272368042
15.5318214104
15.5359865255
15.5418203302
15.5430702774
15.5480709058
15.5484871581
15.5497370979
15.5509874322
15.5518201995
15.5522370617
15.5568199504
15.560570734
15.5622374276
15.5705700847
15.5722368805
15.5772371219
15.5789033529
15.5872367283
15.5884873034
15.5897367686
15.5918203582
15.5934873988
15.5943203013
15.595570409
15.5976532502
15.6009865375
15.6009866215
15.6009868041
15.6059867752
15.6059868373
15.6072366603
15.6080709127
15.6093205896
15.6118198339
15.6164034432
15.6197368072
15.6239034766
15.6247366944
15.6247376292
15.6259870506
15.6268201746
15.6268203718
15.6355702039
15.639321125
15.6393211943
15.6397377947
15.6405705145
15.6447376928
15.6455715265
15.6464042561
15.6480702376
15.6493201847
15.6518201765
15.6534871073
15.6547367185
15.6555715455
15.657654109
15.6643199436
15.6643206922
15.6680697997
15.6809865653
15.683071192
15.6847366331
15.6880705972
15.6914038979
15.6914044785
15.6934879684
15.6997369629
15.7030699008
15.7055705327
15.7059864539
15.7064039647
15.7134873709
15.7155698214
15.7155701111
15.7222369571
15.7247364425
15.7284866856
15.7289050728
15.7293203659
15.7297365487
15.7305699697
15.7309874124
15.7380700579
15.7418198762
15.7434865699
15.7434872636
15.7447369844
15.7497366999
15.7518201594
15.7543200573
15.7580701763
15.7589031688
15.7618207152
15.7643208541
15.7705719738
15.773070999
15.7739041559
15.7747364571
15.7772370232
15.777653581
15.7830698738
15.7830699627
15.7868202191
15.7893199211
15.7893201536
15.7926534835
15.7934866392
15.7959866685
15.7968213154
15.7984867016
15.7993202638
15.8005700941
15.8034870636
15.8039033912
15.805987962
15.8068200539
15.8068208207
15.8093203595
15.8105700122
15.8109866551
15.8122375554
15.8130698151
15.8155702901
15.81682004
15.8180699932
15.818486557
15.8184881601
15.8209866522
15.8301539244
15.8330710058
15.8330710241
15.8334870693
15.8343199779
15.8359877999
15.8430704819
15.8434864274
15.8443201321
15.8455704456
15.8459865992
15.8484872859
15.8497377223
15.8497380291
15.8547367294
15.8580713156
15.860986823
15.8618198899
15.8643201931
15.8655703776
15.8684869258
15.868487196
15.8730697453
15.8768200188
15.8809873686
15.8905703381
15.8918202426
15.8934865077
15.8934866319
15.895986402
15.9005703096
15.9009873628
15.9018217065
15.9030701637
15.9080698574
15.9093198301
15.9105705405
15.9118199106
15.9122370696
15.9164041882
15.9168200716
15.9193204345
15.9201537558
15.9205697609
15.9205699678
15.9205714504
15.9309881537
15.9355703535
15.9372364543
15.938486606
15.9434886075
15.9509876221
15.9530697487
15.9543198224
15.9555704463
15.9559874654
15.9580706278
15.9605709239
15.9643211061
15.9647364527
15.965986984
15.9672366026
15.9680701063
15.9693203652
15.9705700847
15.9709874884
15.9726532009
15.972653409
15.9747382208
15.9755698525
15.9764034477
15.9768198398
15.9768199044
15.9797373704
15.9822366403
15.9822368959
15.9830715073
15.9855701589
15.9855703815
15.9918198726
15.9934875887
15.9934879209
15.9947369296
15.9980707379
15.9997364589
15.9997366341
16.0005705518
16.000986888
16.00473685
16.0059867752
16.0059874361
16.0068197215
16.0101532584
16.0101535542
16.011820843
16.0143217001
16.0147364563
16.0176530508
16.0205710378
16.0214033523
16.0243211129
16.0259866635
16.0284871712
16.0318205839
16.0359873288
16.0380702587
16.0409878294
16.0472364404
16.0480701232
16.0497368934
16.0505701306
16.0543199295
16.0559864502
16.0559886011
16.057236401
16.0572365252
16.0580717672
16.0593201587
16.0622365146
16.0664050536
16.0684868857
16.0693197955
16.0709864002
16.072236508
16.0722368805
16.0747370268
16.076820194
16.0809868026
16.0843198988
16.085569969
16.0868198077
16.0872366223
16.0872367283
16.0889031272
16.0984868514
16.0997386681
16.1018197163
16.1043204298
16.1047368683
16.1080719546
16.1084865234
16.1097372119
16.1114034246
16.1122371756
16.117238056
16.1197366758
16.1197370483
16.1205699983
16.1218212271
16.1222369571
16.1226539896
16.1255697418
16.1255697832
16.1284864117
16.1284866856
16.1293203975
16.1343198733
16.1347368047
16.1368204821
16.1372370605
16.1393198956
16.1393201755
16.1397374477
16.1409873511
16.1414042813
16.1451531039
16.1497366999
16.1497366999
16.1509874906
16.1564032088
16.1601535651
16.1609864616
16.16182058
16.1684868199
16.1818212339
16.1830698568
16.1843198283
16.1843209103
16.1847366331
16.1859871645
16.1868204857
16.1872378749
16.189320128
16.190570354
16.193069911
16.1980707038
16.1984879505
16.2014030697
16.2022373136
16.2051535903
16.2059875932
16.2109866551
16.2122370696
16.2155701111
16.2168201629
16.2180699932
16.2201543254
16.2234865319
16.2268202732
16.2272370926
16.2297374982
16.2330700393
16.2372365858
16.2372366662
16.2393197239
16.2455713622
16.2480708657
16.2505703753
16.2539034021
16.2580697125
16.2609868414
16.2622369491
16.2647375153
16.2651534085
16.2722371069
16.2755697454
16.2818204975
16.2830699627
16.2830700247
16.2884868323
16.2918202024
16.2947374079
16.2955703908
16.298486519
16.2984867016
16.3022369338
16.3026537837
16.3034866728
16.3043198297
16.305571369
16.3122380666
16.3147369676
16.3159867248
16.3172370189
16.3180698885
16.3184868966
16.3209866522
16.3222380855
16.3243206491
16.3247365192
16.324736636
16.3268199092
16.326820603
16.3326543884
16.3347363811
16.3439034307
16.3455697469
16.3455700366
16.3455704187
16.3497372878
16.3522372515
16.3551531083
16.3559865926
16.3593209731
16.3618205898
16.3630699453
16.364320159
16.3647375409
16.368486506
16.3709876783
16.3747365666
16.3793199934
16.3793201212
16.3814040688
16.3868211625
16.3893197921
16.3930701569
16.3934866319
16.3934869933
16.3955716129
16.3964031059
16.3968200336
16.3997363932
16.3997374302
16.4001533307
16.4022368681
16.4034863514
16.4080704453
16.4114041257
16.4143210756
16.4184868894
16.4226537815
16.4247369062
16.4259872405
16.4268202635
16.4268205617
16.4284872553
16.42848731
16.4330696693
16.4343197844
16.4355699483
16.4368199124
16.4372385139
16.4376538483
16.4380709806
16.4434869496
16.4451531807
16.4497365027
16.4505701306
16.4522374414
16.4530704668
16.453486556
16.454320196
16.4559863261
16.4559864611
16.4564043481
16.4593202135
16.4622366132
16.4630700877
16.4634871117
16.4647368325
16.4659868453
16.4705702173
16.475986868
16.479320025
16.4797364209
16.4809865835
16.4822364685
16.4826533476
16.4843200182
16.4897376084
16.4901545094
16.4947364184
16.4947366155
16.4955703031
16.4993202541
16.5009865594
16.5014033764
16.5018200316
16.5068202571
16.5072363389
16.5084868119
16.5118213542
16.5143198463
16.5184865497
16.5197375011
16.5230700459
16.5239037725
16.5259878101
16.5297368554
16.5305702351
16.5322371076
16.5334863938
16.5393197933
16.5397363267
16.5405699303
16.5447368748
16.5455700829
16.5480697434
16.5505696864
16.5505698933
16.554319826
16.555987648
16.5609865273
16.5630707098
16.563486542
16.565569931
16.5655706735
16.57265342
16.5743205627
16.5759864115
16.5768204265
16.5780696848
16.5809866711
16.5809879127
16.5830698628
16.5830707282
16.5843200011
16.5872371298
16.5914033392
16.5934862996
16.5943205569
16.5951549006
16.5955703178
16.5980708937
16.5984871581
16.5989036136
16.6043196288
16.6047378177
16.605569778
16.6064041619
16.6080703515
16.6097365108
16.6105701861
16.6109866952
16.6130698662
16.6139046445
16.6193206682
16.6205699983
16.6205702964
16.621820442
16.6222369863
16.6230711852
16.6247375234
16.6272366143
16.6297367861
16.6359869053
16.6368218015
16.6372366662
16.639319741
16.6393198956
16.6393206624
16.6401539836
16.6405698159
16.6430699877
16.6434863799
16.6509880018
16.6518197199
16.653487363
16.658486454
16.6605709239
16.6684864474
16.6684868199
16.6684873859
16.6701530985
16.6705696331
16.6709864768
16.67182047
16.6739034657
16.6768198399
16.6784873831
16.6805700561
16.6809877155
16.6818201178
16.6822368556
16.6843196323
16.6851530667
16.6855702257
16.6872363265
16.6872364507
16.6880698924
16.6893205114
16.6905701227
16.6922370828
16.6943197316
16.6943200346
16.6959863363
16.6997372185
16.7034866728
16.7059881044
16.7080696857
16.7109876082
16.7118202733
16.713487769
16.7151529484
16.7172365478
16.7180700954
16.7180702902
16.7184868966
16.7259864736
16.7259868132
16.7293206215
16.7297380094
16.7309867734
16.7343215482
16.7414033173
16.7434867341
16.7443197523
16.74473724
16.7459863399
16.7480713769
16.7497374777
16.7505697193
16.7518198271
16.7522374414
16.7526535975
16.7534863478
16.7555696673
16.7555697087
16.7559871769
16.7568200563
16.7647363285
16.7655696278
16.7680702208
16.7684862978
16.7759884491
16.7768203682
16.777236932
16.7780700061
16.7793200068
16.7872370166
16.7893216508
16.7918201683
16.7922363232
16.797654269
16.8018203274
16.8080708214
16.8089030154
16.8130698699
16.8130715557
16.8155705457
16.8159876304
16.8197366173
16.8239034766
16.8247365192
16.8255704915
16.8259874303
16.8268202951
16.8268207516
16.8272377609
16.8305702546
16.8309885517
16.8314049233
16.8330697971
16.8330706418
16.8334865252
16.8368199124
16.8372379041
16.8384878366
16.8397368964
16.8422369951
16.8426531001
16.8443206847
16.8455700366
16.848486468
16.8484867236
16.8501533416
16.8509869319
16.8518199866
16.8547384567
16.8580699267
16.8622366023
16.8622370478
16.8680696512
16.8684877292
16.8693204917
16.869736548
16.8697367379
16.8730718242
16.8747370815
16.8780707473
16.8809865835
16.88098685
16.8818208079
16.88473656
16.8868208655
16.8876530924
16.8893198626
16.8909872233
16.8934868546
16.9009867274
16.9022368352
16.9034874908
16.9055696709
16.9080699608
16.910153357
16.9134871811
16.9143205072
16.9176530617
16.9243200831
16.9268202634
16.9293205874
16.9309866931
16.9330697289
16.9368196215
16.9380697512
16.9380700312
16.9418196863
16.941819976
16.9472369444
16.9480697264
16.9484870376
16.9497365027
16.9497373463
16.9518197967
16.9522379526
16.953486556
16.9551543901
16.9559866109
16.9589036508
16.959319987
16.9597363172
16.9609865273
16.9622364306
16.9622366132
16.9622367922
16.9622379716
16.9626532841
16.9643205352
16.9664029393
16.9672365843
16.9693203238
16.9705702234
16.9734877515
16.9784870033
16.9793207493
16.9805703337
16.9830696839
16.9830698628
16.9830701634
16.9847364286
16.9847370202
16.986819826
16.9893195961
16.9922378643
16.9947373678
16.9964033578
16.9993209285
17.0001534293
17.0059868701
17.0080699924
17.0084866804
17.0097365108
17.0105700122
17.0105701607
17.0143198463
17.014737256
17.0184865497
17.018903239
17.0193203274
17.0247368368
17.0255705013
17.0297365268
17.035571499
17.0384867045
17.0422368929
17.045570263
17.0459868512
17.0526541671
17.0534877026
17.0559863736
17.0568201817
17.0580707349
17.059736697
17.0655706735
17.067236263
17.0680697607
17.0684871413
17.0684875758
17.0768200188
17.0772384
17.0789033529
17.0789045251
17.0805700561
17.0830697934
17.0897363888
17.090570175
17.0909867814
17.0918202426
17.0922365387
17.0922372215
17.0959863472
17.0972378865
17.0976532502
17.0997362508
17.1014036394
17.1022371237
17.1030708405
17.1034864939
17.1072365764
17.1080698476
17.1105703506
17.1118209732
17.112236394
17.1147371575
17.120153679
17.1218200439
17.1259864955
17.1268201746
17.1272366143
17.1280705709
17.131819682
17.1351537459
17.1372362644
17.1372367574
17.1426540093
17.1468196258
17.1468198328
17.1472370539
17.1493198877
17.1497373024
17.1534862236
17.1568203058
17.1568210495
17.1580700266
17.1580708287
17.1614029755
17.1622370331
17.1643195529
17.1647362628
17.1684867616
17.1705698558
17.1705701686
17.1730703149
17.1730705863
17.1734867655
17.1784864811
17.1784878943
17.1809863863
17.1822364613
17.1843203504
17.1855701916
17.1876542317
17.1880696478
17.1897367759
17.1959867161
17.1997364442
17.2009863476
17.2018197175
17.2030708502
17.2059863333
17.2059872462
17.2101532584
17.2118197438
17.2130700768
17.2184870793
17.2193210042
17.2209864075
17.2230706143
17.2247370961
17.225986302
17.2259864736
17.2309864009
17.2309867734
17.2393200014
17.2397373492
17.2409871027
17.2447362906
17.2476530201
17.249320842
17.2509867311
17.2543199295
17.2572362111
17.2580700692
17.2593204034
17.2597367408
17.260987097
17.2618214406
17.2622366023
17.2622368724
17.2684866958
17.2693197541
17.2705697414
17.2709862103
17.2739041559
17.2743198652
17.2759867913
17.2768199956
17.2776530223
17.2784878103
17.279319627
17.2805711845
17.2809866127
17.28098685
17.2830698738
17.283486266
17.2834863901
17.285153702
17.2859863977
17.2872368779
17.2943209476
17.2968202746
17.3005695586
17.3018195264
17.301819776
17.3034883416
17.3039033802
17.3039033912
17.3039035446
17.3068203849
17.3093195684
17.3134864872
17.3143197464
17.3155696315
17.3155705457
17.3172372745
17.3184872691
17.3193199221
17.3205702867
17.3222370083
17.3247376658
17.3280697784
17.3280705794
17.3293207773
17.3309865433
17.3322372975
17.33390301
17.3343198733
17.3368196385
17.3372368561
17.3393202351
17.3443211959
17.3518196067
17.3518196481
17.3518200924
17.353070664
17.3543210688
17.3564032088
17.3572367042
17.359736383
17.3672365843
17.3684869441
17.3697376873
17.3718203142
17.3747362672
17.3747363804
17.3747373955
17.3789028599
17.3797365414
17.3805696448
17.3818195298
17.3830698568
17.3834866202
17.386820409
17.3901536002
17.3930704125
17.3934862339
17.3939034525
17.3955695533
17.3959864787
17.3980706795
17.4022367037
17.4022371237
17.4030699422
17.403488002
17.4068209631
17.4080698574
17.4097368174
17.4118199106
17.412653295
17.4155697386
17.4172362593
17.41806983
17.4205699678
17.4222362487
17.4234867107
17.4268205191
17.4276547423
17.4309874563
17.4318197587
17.4318205012
17.4322362093
17.4322367278
17.4334868794
17.4347367609
17.4380697512
17.4380705181
17.4384869346
17.4389029409
17.440570993
17.441819976
17.4434862375
17.445569893
17.4464030291
17.4480707074
17.449320371
17.4497378575
17.4518210686
17.4539034021
17.455570417
17.4576533531
17.4618201455
17.4647370881
17.4647373254
17.4655702389
17.4693216432
17.4726532009
17.4726538253
17.4730695554
17.4734871051
17.4759871236
17.4768199044
17.4780701448
17.4793212605
17.4797364099
17.4830701598
17.4859868321
17.486819826
17.4868215483
17.4880699544
17.4905702066
17.4914032515
17.4930695873
17.4934864421
17.494737879
17.4955700622
17.4959862121
17.4972367946
17.4997371819
17.5018196104
17.5022373136
17.5030699738
17.5034864939
17.5043196398
17.5043199295
17.5093196816
17.5109872248
17.5143199595
17.5147373473
17.5155700672
17.5184867907
17.5247363293
17.5247365082
17.5268207516
17.5284884493
17.5305710981
17.5330700905
17.5330714038
17.543069608
17.5434868838
17.544320115
17.5443207711
17.5455702289
17.5455707194
17.5484868295
17.5514034531
17.5568199504
17.5605698844
17.5626548069
17.5630697421
17.5655711847
17.5659875026
17.5672374023
17.5693198429
17.5705702746
17.57098678
17.5747383048
17.5755712037
17.576819897
17.5776537672
17.5780697748
17.5780714254
17.5784864811
17.58515299
17.585569969
17.5884869236
17.5884875773
17.5893203398
17.5893207866
17.5897363888
17.5922363561
17.5922365387
17.5972365098
17.5993204501
17.600569533
17.6009866215
17.6043217078
17.6059869651
17.6072365764
17.6093202099
17.6184872691
17.6197383263
17.6247363146
17.624737286
17.626820485
17.6330695208
17.6355699483
17.6393208145
17.6414029558
17.6430705404
17.6434867597
17.6472369152
17.648904731
17.6522372515
17.654320196
17.6547364629
17.6555704268
17.6593205933
17.6609870093
17.6639034175
17.6643203794
17.6668200107
17.6693197541
17.6705702746
17.6743200721
17.6768199956
17.6768206469
17.6772367421
17.67931961
17.6805703239
17.6809863097
17.6809863863
17.6809865653
17.6818203734
17.6822364613
17.6843198283
17.6868194937
17.6884864781
17.689320128
17.6897374185
17.690571632
17.6934875887
17.6947364256
17.6972361885
17.6976528229
17.6980695986
17.6997365831
17.7018198745
17.7018208922
17.7030696209
17.7030699008
17.7080704501
17.7084863335
17.708486622
17.7093195793
17.7093197862
17.7118197438
17.7122377123
17.7143197464
17.7147372159
17.7193207072
17.7205701005
17.722237147
17.7234876237
17.7247361869
17.724737275
17.7259872514
17.72848643
17.7284868755
17.7297365487
17.7322374873
17.7334862039
17.7347363007
17.7405699303
17.7434867487
17.7455701157
17.7468199314
17.7468209076
17.7480695535
17.7497363749
17.7497368898
17.7539034898
17.7547367222
17.7584865526
17.7584869725
17.7597363683
17.759736383
17.7597367408
17.762236741
17.7643196709
17.7659871703
17.7668197953
17.7680701794
17.7747363804
17.7755708847
17.7764029875
17.7772366434
17.7839035906
17.7843196384
17.7859863977
17.7893197738
17.7922367651
17.7955695935
17.7968209356
17.7989036574
17.8005700941
17.8097368174
17.8105703506
17.810986845
17.8122363868
17.8172361352
17.8180701831
17.8184877804
17.8193196677
17.8209862724
17.8234868458
17.8247365666
17.8255710272
17.8272369027
17.8284866199
17.8309861344
17.8364038464
17.8372366771
17.839319949
17.8401539069
17.8409865367
17.8422363926
17.845569893
17.8459862194
17.8459863436
17.845987041
17.8472377587
17.848070419
17.8514040228
17.8547362292
17.8580705293
17.860570734
17.8618194505
17.8643199375
17.866403509
17.8668196809
17.8705701261
17.8705710426
17.8718202801
17.8755696553
17.8755701045
17.8759864407
17.8768198399
17.8768199884
17.8784862839
17.8809869888
17.8809875256
17.881820248
17.8851530667
17.8851533624
17.8851541293
17.8859875443
17.8872361366
17.8893199102
17.8893200234
17.8926528591
17.8934866136
17.8959861464
17.8964031059
17.896819498
17.9001533307
17.900986983
17.9018213267
17.9043201985
17.9047367988
17.912236814
17.9130698114
17.9134868414
17.9143195602
17.9143196016
17.9159873821
17.9184869477
17.9197370884
17.9205710706
17.9209866594
17.9230704585
17.9230706983
17.9234861995
17.9247364461
17.9318205012
17.9330705432
17.9343207338
17.9359863356
17.9393201401
17.9409864053
17.9414030105
17.9414032624
17.9422377218
17.9434882277
17.9451531807
17.945569557
17.9472372
17.9518198271
17.9530695174
17.9622370478
17.962237223
17.9639029355
17.9643199691
17.9655694379
17.9684861079
17.9684869515
17.9705699203
17.9705701261
17.9734864041
17.9734869664
17.9759861742
17.9768195246
17.9768195842
17.9768201783
17.9822366403
17.9830699358
17.9859865035
17.9864032329
17.9872365384
17.9897369657
17.9901534687
17.9918194928
17.9934864421
17.9968198522
17.9972365098
17.9997362033
18.0005695501
18.0009866033
18.000986888
18.0022366782
18.0043199295
18.0068194659
18.0068203751
18.0089027854
18.010987736
18.011819644
18.0180708599
18.0184861882
18.0230699388
18.0239037725
18.0243197374
18.0247363293
18.0247372494
18.0268206748
18.0272375711
18.0330696072
18.0330698969
18.0351528804
18.0368201327
18.0384876467
18.0393197701
18.0426531001
18.0455694414
18.0455696641
18.0472361848
18.0480697434
18.0497365867
18.0501533416
18.0505698933
18.0505703205
18.0509869209
18.0518203565
18.0518209664
18.0572361454
18.058070259
18.059320463
18.0597369526
18.0605698844
18.060570034
18.0614039395
18.0622361348
18.0643195638
18.065569931
18.0672379135
18.0680696098
18.0730705121
18.0734875032
18.074736647
18.076402878
18.080153541
18.0830706224
18.0847362533
18.0872366223
18.0876530924
18.0884867922
18.0897375354
18.0905704306
18.0943212823
18.0955698978
18.0955701644
18.1009865375
18.1009875709
18.1018200815
18.1022366453
18.1055701529
18.105986264
18.1059868373
18.107236149
18.115986911
18.1184868163
18.119736296
18.1205701321
18.1243206503
18.1247362526
18.12848643
18.1330697289
18.1343196177
18.1359881833
18.1372366807
18.139319741
18.1397361368
18.139737068
18.1401539836
18.1405698159
18.1405699546
18.1430710516
18.1447371816
18.1480697264
18.1480705517
18.1497364443
18.1505714599
18.1509871108
18.1522365759
18.1522377628
18.155986421
18.1580702822
18.1622377817
18.1643203453
18.1701530985
18.1701533724
18.1734870212
18.1755706449
18.1768211581
18.1818203734
18.1830701634
18.1872369399
18.1884862955
18.1884864781
18.1922383608
18.1934861097
18.1934864493
18.1959869717
18.1972373278
18.1972376382
18.1997366305
18.2018201557
18.2030696209
18.2030703877
18.2034866838
18.2039035446
18.204319439
18.2105705405
18.212236741
18.2122371756
18.2143200434
18.2147377271
18.2159867175
18.2168197831
18.2180700954
18.218903239
18.2226534419
18.2234865319
18.2259877626
18.2264045979
18.2297362821
18.2305694585
18.2355713091
18.2372368561
18.2380695467
18.2380697536
18.239319949
18.2422363926
18.2443197523
18.2447363563
18.2459872309
18.2489029015
18.2497373426
18.2509864316
18.2518203663
18.2526540466
18.2547363497
18.2547367222
18.2580694569
18.2601547044
18.2643196004
18.2643199741
18.2643203429
18.2643206192
18.2659870316
18.2680714989
18.268486546
18.2684866775
18.2684869515
18.270986287
18.2714029689
18.271403681
18.2722368513
18.2743207295
18.2772382101
18.2789033857
18.2818207714
18.2826535339
18.2897361989
18.2905703965
18.2918199468
18.2930696383
18.2934861279
18.2943199872
18.2959861573
18.2980712735
18.298486519
18.2993204403
18.3018216054
18.3022366782
18.3034868627
18.3047367988
18.3068208207
18.3072368647
18.3080694776
18.3080695372
18.309321309
18.3097370804
18.3118197207
18.3122363868
18.3130698151
18.3164033228
18.31682004
18.3184870865
18.3193196677
18.3209862724
18.320986926
18.3259862837
18.3293197487
18.3305699576
18.3359863356
18.3359872886
18.3393206587
18.3397381744
18.3405705584
18.3430699707
18.3505694052
18.3509882099
18.3593205933
18.3618198899
18.3622374128
18.3643194044
18.3647371611
18.3659867941
18.3668201495
18.3680699165
18.3684864146
18.3684871413
18.3705698558
18.3726536062
18.3743198068
18.3747361868
18.374736311
18.3747369902
18.3755696553
18.3768195075
18.3772367421
18.3784862839
18.3809868574
18.3872365384
18.3893197921
18.3897371556
18.3905698755
18.3918199784
18.3951527205
18.3968200336
18.4026530058
18.4047364081
18.4055708102
18.4055709064
18.4064028254
18.4072366603
18.4080700655
18.40807041
18.4084863262
18.4101541676
18.4109868815
18.411819644
18.4134865128
18.4139035161
18.4197364274
18.4205700713
18.420570658
18.4218207402
18.4230704244
18.423487149
18.425569519
18.4268197121
18.4289035829
18.4293194822
18.4293196343
18.4318202041
18.4318208505
18.4318210124
18.4343195045
18.4343197844
18.4364032438
18.4368201023
18.4409874497
18.4430695276
18.443069569
18.4443199311
18.4459870995
18.4472360607
18.4476532282
18.4509871108
18.4518197467
18.4518197967
18.455569935
18.4559860705
18.4580704489
18.4593194515
18.4622366825
18.4626532841
18.4634867319
18.4647364527
18.4668197795
18.4672366026
18.4680696098
18.4722363181
18.4734864041
18.4759866014
18.477236932
18.4793194371
18.4797361653
18.4797364209
18.4809867734
18.4809869012
18.4822366403
18.4830696839
18.4834860761
18.4872365384
18.4934874097
18.4943202209
18.4947364184
18.4955701047
18.4955703178
18.4968207798
18.5005699919
18.501819776
18.5039038184
18.5055695808
18.505986264
18.5122366132
18.5134869912
18.5143202151
18.5151545588
18.5180705629
18.51848617
18.5184870793
18.518903239
18.5247362526
18.5247371107
18.525569362
18.5259874303
18.5280695885
18.5280698783
18.5284860319
18.5297368554
18.5330698969
18.5330700491
18.5339043027
18.5368201023
18.5393195377
18.541403613
18.5418194964
18.5422361954
18.5434865699
18.5434869386
18.5434871395
18.5455701595
18.5455708753
18.5489040408
18.5543194462
18.5555709856
18.5559864502
18.5559872682
18.5568214597
18.5572365252
18.5580705195
18.5584871624
18.560152875
18.5609862717
18.5609867172
18.565569931
18.5722376473
18.5809861416
18.5809862913
18.583069494
18.5830700527
18.5834864303
18.5847362533
18.5868198077
18.5872361111
18.5872374951
18.5901527567
18.5930695312
18.593486044
18.5934864493
18.5955693634
18.5955700622
18.5976528338
18.5976533926
18.5984869025
18.5984875707
18.5997370833
18.6018200961
18.6051527249
18.6097367006
18.6105698064
18.6109864396
18.612653295
18.6143203099
18.6155697386
18.6164038924
18.6172375447
18.6180695234
18.618486557
18.6197360989
18.6205709148
18.6305694756
18.6314036854
18.6318206314
18.6322360194
18.6347368047
18.6389034229
18.6397369365
18.6405694361
18.6418196036
18.6434861243
18.6434867268
18.6468198328
18.6480705175
18.6509876221
18.6543205819
18.6568200088
18.6584860743
18.6609864616
18.6614029755
18.6622365693
18.667236902
18.6697369606
18.6705693775
18.6734860717
18.6755693669
18.6755695555
18.6768201783
18.6780701448
18.680570246
18.684319401
18.6847373999
18.6855699701
18.6872360709
18.688069879
18.690570354
18.6905705864
18.6909862775
18.6918201039
18.697237839
18.6997368387
18.7005700442
18.7059863516
18.7093196816
18.7093198301
18.7105701607
18.7118197207
18.7122376868
18.7130700768
18.7134873892
18.7155708779
18.715986345
18.7159867175
18.7168200716
18.7172365478
18.7176529084
18.7205703561
18.7209868493
18.7222377057
18.7243202693
18.7268205617
18.7326529642
18.7330695281
18.733069735
18.7343211684
18.7347361912
18.7368199538
18.7372360745
18.7455704456
18.7468201225
18.7497372038
18.7505699128
18.750986249
18.7509864316
18.7530703
18.7543198224
18.7559864027
18.7559867971
18.7568203606
18.7605698844
18.7605701727
18.7622364379
18.7643203429
18.7647360729
18.7659867941
18.7664037062
18.7680699165
18.7705697414
18.7718205844
18.7759880694
18.7776530223
18.779319627
18.779736399
18.7805713854
18.7818199863
18.7830706126
18.7830707295
18.78515299
18.7855700017
18.7880696197
18.7884867337
18.7897361989
18.7909871904
18.7934868035
18.7934872673
18.7955712331
18.7984874685
18.7997362544
18.7997364589
18.8009867931
18.8018198161
18.8034861615
18.8059862458
18.8059870564
18.8072365361
18.80932002
18.8097375916
18.8143203197
18.8147364563
18.820987419
18.8222382863
18.8230701287
18.8247361247
18.8247368222
18.8259862837
18.826819398
18.8268200431
18.8284868755
18.8301530152
18.8330694794
18.83390301
18.8368196385
18.8368199538
18.8372369327
18.8372375243
18.8372381341
18.8384866644
18.8393206246
18.8397365166
18.8405710696
18.8414027476
18.8414029558
18.8422366665
18.84556977
18.848486468
18.849736123
18.8497367766
18.8497368934
18.8534863661
18.855570142
18.8559860814
18.8559861362
18.8564037785
18.8572360212
18.8572367042
18.8580697161
18.8605698027
18.8622367922
18.8630698978
18.8647370296
18.868486506
18.8697361682
18.8697362924
18.8709860204
18.8718199405
18.8722363181
18.8751532376
18.8772371219
18.878902827
18.87931961
18.8793199934
18.8809864228
18.8809870399
18.885569969
18.8872365384
18.8893201658
18.8901536002
18.8909869677
18.893071138
18.8934868692
18.8934873988
18.8947370538
18.8976532392
18.8980695986
18.8997363895
18.8997363932
18.9018193365
18.9080709212
18.9084863262
18.911819941
18.920570322
18.9234876602
18.923904616
18.9268197121
18.9309865141
18.9318197587
18.9322365891
18.9330694733
18.9343195045
18.9343202713
18.934738039
18.9355699483
18.938069509
18.9380695503
18.9409873109
18.9434871285
18.945569893
18.9459876107
18.9484873115
18.949320074
18.9497369665
18.9539039281
18.9576538133
18.9580696017
18.9584873523
18.959319987
18.9609862717
18.9618198716
18.9622364306
18.9651534742
18.9655715169
18.9668197953
18.9672367742
18.9705698436
18.9705704839
18.9709862797
18.9726538253
18.9743207197
18.9772364536
18.9780703931
18.9805693307
18.9830703485
18.9880694189
18.9893193405
18.9893195839
18.9893198736
18.9914032515
18.9914044675
18.9934869532
18.9968207457
19.0018207497
19.0022369338
19.0026532141
19.0055695808
19.0068212065
19.0084863007
19.0097368686
19.0101534555
19.0143202151
19.0147368763
19.01848617
19.0184875905
19.0209860825
19.0214032976
19.0218194585
19.0222366066
19.0247368368
19.0251535224
19.0280698783
19.0293211571
19.0330713685
19.0359865255
19.0364035506
19.0372365858
19.0372367501
19.0384864489
19.0393193612
19.0393201877
19.0405694191
19.0422361954
19.043069608
19.0434860001
19.0455700074
19.0459860295
19.0476532063
19.0476538856
19.0484881075
19.0559863736
19.0559871367
19.058902632
19.061819302
19.0630694561
19.0630701986
19.063486542
19.0647371355
19.0680695051
19.0684862576
19.0701533724
19.070988058
19.0722374465
19.0730694069
19.0743200514
19.0747369501
19.0755695555
19.076819964
19.0768203682
19.0780696848
19.0784870033
19.0809867989
19.0830694136
19.0851530667
19.0859871608
19.0872370605
19.0880695126
19.0930698429
19.098487432
19.1009867931
19.1018195203
19.1018211368
19.1022368681
19.1034866838
19.1043194499
19.1059870929
19.1072365764
19.1080698403
19.109736109
19.1151539343
19.1180695234
19.1184862868
19.1193201083
19.12057021
19.1205707651
19.1205708807
19.1209870392
19.1209871159
19.1222364751
19.1226528284
19.1247361394
19.1264028013
19.1268193797
19.1297367861
19.1309867296
19.131819402
19.131819682
19.1318208408
19.1334863609
19.1339037439
19.1347361912
19.137652709
19.1393201401
19.1393202936
19.1393206624
19.1414032624
19.1430702774
19.1434863543
19.1434867268
19.1434869971
19.1434880378
19.1443195624
19.145570039
19.1497370468
19.153485968
19.1555692875
19.1559864027
19.1580704489
19.1601529735
19.1672365734
19.1676526783
19.168486506
19.1684875868
19.1693205002
19.1722361209
19.1730699351
19.1743200721
19.175570085
19.1768193347
19.1784866709
19.1789033529
19.1789039663
19.1818201932
19.1822360815
19.1872364507
19.1872368267
19.1880696478
19.1905701227
19.1918193029
19.1922359435
19.1934868035
19.1943195234
19.1943197303
19.1943197316
19.1955698393
19.1959863363
19.200986983
19.2034861615
19.204319557
19.2051540066
19.2055698072
19.2059860777
19.2072368501
19.2080701531
19.2080704416
19.2093197862
19.2134872578
19.2172360366
19.22056984
19.2209860277
19.222237567
19.2230703186
19.2239030384
19.225986302
19.226819415
19.2330694794
19.2389040694
19.2397369694
19.2434865699
19.2434872819
19.2447360349
19.2447362906
19.2455696641
19.2455709568
19.2480695535
19.249319615
19.2497369665
19.2505697193
19.2522370617
19.2534863478
19.2534863661
19.2539026682
19.2543200573
19.2555709758
19.2559861362
19.2572359555
19.2576535393
19.2593195538
19.2605698844
19.2622359449
19.2630698978
19.2643199327
19.2643208541
19.2655699637
19.2655700076
19.2689032608
19.269319944
19.2705693616
19.2718193063
19.2747363804
19.2747364571
19.2768201855
19.279320025
19.2797362164
19.279736399
19.2822364685
19.2830704325
19.2834860104
19.2843196384
19.2847363701
19.2859870184
19.2868204857
19.2897372286
19.2934877785
19.2947362357
19.2951532902
19.2955705429
19.2968198948
19.2980702668
19.300569303
19.305569481
19.3059862458
19.3084864321
19.3105700122
19.3130700707
19.3134864872
19.3143199363
19.3155702901
19.3168202956
19.3197361061
19.3205705119
19.3243198932
19.324737286
19.3251532485
19.3268206213
19.3289041417
19.3289045032
19.3305699697
19.3309861635
19.3309862877
19.3330701306
19.333486014
19.3343196177
19.3343205378
19.3372359832
19.3372364908
19.3372373928
19.3397368781
19.3430702871
19.3434867597
19.3447368748
19.345569893
19.3455708034
19.347653776
19.3476544005
19.3480693637
19.348486468
19.3484866578
19.349736123
19.3509859824
19.3509869209
19.3518204795
19.3530696975
19.3534863661
19.3559872207
19.3597361273
19.3597365728
19.3609863848
19.3618201455
19.3622366023
19.3668196809
19.3672374169
19.369319944
19.3693200292
19.3705714042
19.3718200586
19.3747365703
19.3747371399
19.3759864115
19.3768213248
19.3780701875
19.3818192985
19.383069393
19.3847360488
19.3851530667
19.3893193514
19.3893213014
19.3897368087
19.3926528591
19.3972367874
19.3993195043
19.3993195457
19.3993205487
19.4022363239
19.4080699608
19.4097370073
19.4168195932
19.4168198829
19.4184867469
19.4184882258
19.4205702721
19.4272366143
19.4309870765
19.4318197587
19.4322364722
19.4330702462
19.438486606
19.4455700829
19.4468202612
19.4484865263
19.4489029015
19.4497372696
19.4497374777
19.4505707563
19.4518197199
19.4530695831
19.4530697487
19.4534873228
19.4597363172
19.4605705441
19.4618198899
19.46223738
19.4639029355
19.4647367083
19.4672360731
19.4672368582
19.4684862576
19.4705709951
19.4709862797
19.4718200902
19.4743202584
19.4751527665
19.4768195246
19.4809873357
19.4822368959
19.4830694003
19.4859868321
19.4864032329
19.4872359467
19.4880699544
19.4893198736
19.4934866246
19.4959859565
19.4997360609
19.4997362471
19.5005695501
19.502237058
19.50473685
19.5080695372
19.5080696857
19.50932002
19.5122363101
19.5143206131
19.5164027641
19.5164036185
19.5168202615
19.5184873166
19.5209860825
19.5209873058
19.5230703599
19.5272363842
19.5293197487
19.5318198585
19.5330710241
19.5372363776
19.5372367501
19.5443195624
19.5447370975
19.5459863399
19.5468198912
19.547236864
19.5493195079
19.5534860337
19.5539029968
19.5539045415
19.5543200123
19.5555698766
19.5559867058
19.5568201817
19.5568206697
19.5572367808
19.5580702237
19.5593204034
19.5622365146
19.5630694864
19.5630701986
19.564319363
19.5643207031
19.5647363285
19.5647369712
19.5655692481
19.565987247
19.5668201495
19.5668204234
19.568485918
19.5693197955
19.5709864002
19.5726526312
19.572653409
19.5747359969
19.5747374613
19.574737925
19.5755698525
19.576402878
19.5768192702
19.5768195075
19.5768199884
19.578069395
19.5784875145
19.5809860066
19.5839030757
19.5843194119
19.5868200633
19.5872368267
19.5872375717
19.5876534758
19.5884871975
19.58931996
19.5909867814
19.5922363561
19.5955714424
19.5972366997
19.5997366488
19.6018195203
19.6018200815
19.6030702806
19.6047360904
19.6047361014
19.6059859536
19.6064028254
19.6072365764
19.60723704
19.6080698756
19.6118202733
19.6147366462
19.6147369018
19.6214027826
19.6218195327
19.6218197397
19.6243203533
19.6247361394
19.6255697832
19.625570001
19.6259864955
19.6268197121
19.6272373812
19.6280701083
19.6284864117
19.6289032981
19.6293194822
19.630986211
19.631819402
19.6318201688
19.6330694173
19.6334865252
19.6347370603
19.6364032438
19.6380702587
19.6384874568
19.6393208048
19.640986723
19.6434875083
19.6439034307
19.6497370833
19.6514027958
19.6580710076
19.6609867172
19.6618210609
19.663486542
19.6643194738
19.6643201238
19.6647362628
19.6693197955
19.6705693446
19.6705711181
19.6722361209
19.6768196244
19.6805708048
19.6809863097
19.6822360815
19.6847363701
19.6855701589
19.6859862078
19.6868192381
19.6889025575
19.6964026457
19.698069343
19.6997379086
19.7009863476
19.7022364554
19.7034879618
19.705569481
19.7122373326
19.712238019
19.714320467
19.7147368361
19.717236986
19.7184859801
19.718903239
19.7189032718
19.7205699983
19.7226534419
19.7226543511
19.7234865319
19.7234868386
19.7234873681
19.7243198932
19.7255692135
19.7259872405
19.7268210546
19.7284866199
19.7301536834
19.7309875402
19.7322370237
19.7330695244
19.7330703375
19.7347360451
19.7359863757
19.7368192587
19.7372366662
19.7380697536
19.7393203264
19.7409865915
19.7414037116
19.7434869496
19.7451531039
19.7493203308
19.7497359951
19.751819227
19.7518197967
19.7518199025
19.7522375729
19.7534863661
19.7543192564
19.7559862311
19.7559870783
19.7584861728
19.758486297
19.7593195538
19.7597361273
19.7622363612
19.7622366023
19.7622375918
19.7643196004
19.7643201554
19.7643212521
19.7676534342
19.7684860604
19.7684879556
19.7697371907
19.771403681
19.7718200245
19.7747361978
19.7747363804
19.7751539058
19.7797363515
19.7809861015
19.7818204744
19.7830700247
19.7834863901
19.7859866898
19.7864031672
19.7884863941
19.7893193685
19.7905692913
19.7922365095
19.7943203877
19.7955693136
19.7955695935
19.8014030697
19.801819776
19.8043192905
19.8059868336
19.8059868701
19.8059870089
19.8072369086
19.8080694776
19.8080699924
19.8093195684
19.8105696165
19.8105699062
19.8118197207
19.812236007
19.8130700707
19.813485976
19.8143196928
19.8172358795
19.8184869368
19.8201537558
19.822235869
19.8243199236
19.8268195136
19.826819555
19.8280693257
19.8280700682
19.8343192598
19.8347363811
19.8351526066
19.8355711192
19.8368201911
19.8372367756
19.8380702685
19.8393197239
19.8393199564
19.8393201389
19.8405692462
19.8418196036
19.8422365825
19.8459859638
19.8472375031
19.8480700392
19.8509874322
19.8530702014
19.8547362292
19.8559877319
19.8580697125
19.8584858844
19.8630705052
19.8668193011
19.8672360731
19.8684867616
19.8718205881
19.8722363473
19.8734869152
19.8759864407
19.8772380202
19.879320249
19.8797360302
19.8805696448
19.8818199278
19.883069393
19.8839025937
19.8847371881
19.887235881
19.8872364214
19.889736009
19.8934862339
19.8955699331
19.8959859674
19.8968192424
19.8972364149
19.8972367874
19.8989035808
19.8997360609
19.8997366488
19.8997368021
19.9018194205
19.9026532141
19.9030699422
19.9043198187
19.9047369887
19.9055706094
19.9068204519
19.9093202099
19.9101531269
19.910986845
19.912236394
19.9134868414
19.9134871994
19.9139030341
19.9143195784
19.9168198829
19.9168204513
19.9172362593
19.9176529084
19.9180693188
19.9230702029
19.9230703186
19.9234861995
19.9255704684
19.9268199092
19.9272366143
19.9293196343
19.9326538187
19.9343209785
19.9355702039
19.9359865255
19.9380705181
19.9393212783
19.9405705061
19.9418207429
19.9430694181
19.9443193956
19.947236864
19.9476532282
19.9518200522
19.9518205087
19.9530695174
19.9534860337
19.9543202022
19.9551533493
19.9559866072
19.9580704307
19.9589032017
19.9605701727
19.9609872977
19.9618198302
19.96348713
19.964319363
19.9659868453
19.9672359087
19.9684866958
19.9734864041
19.9759859185
19.9759861742
19.9759878795
19.9768195172
19.9793194371
19.9809881792
19.9830699358
19.9868205929
19.9872367283
19.9930695873
19.9947362285
19.9955701047
19.9955707231
19.9980704055
19.9997362471
19.9997366707
19.9997368387
20.0009863476
20.0009865594
20.0118198339
20.0143203161
20.0147368361
20.015569556
20.0155697629
20.015570391
20.0159869038
20.0184867907
20.0230702345
20.0243194818
20.0305705869
20.030986211
20.0372373344
20.0376527199
20.0393193904
20.0397363267
20.0443203085
20.0447367689
20.0451531807
20.0451536736
20.0455692101
20.04848588
20.0497372732
20.0505701976
20.0568199504
20.0580694094
20.0580697161
20.060152875
20.0622364926
20.0630707098
20.0634867977
20.065569931
20.0659860858
20.0668209346
20.0680697997
20.0697359783
20.0705696476
20.0705700847
20.0730701323
20.0755706438
20.0759864115
20.0780699404
20.078902827
20.078903309
20.0793192473
20.0793202149
20.0809860066
20.0822366584
20.082652778
20.083069494
20.0830700028
20.0834858862
20.0855703487
20.0859862078
20.087237265
20.0884864124
20.0897371556
20.0901527567
20.0901539398
20.0922373055
20.0930706705
20.0972359986
20.0976532392
20.0980700355
20.0993202541
20.1014033764
20.1047361014
20.1059864539
20.1072373432
20.1118207846
20.1130693793
20.1143192766
20.1155696315
20.1164034432
20.1184865607
20.1184868894
20.1184874188
20.1193203274
20.124735997
20.1247364425
20.1247368952
20.1268197121
20.1280693987
20.1293203768
20.1297370417
20.1305694756
20.1330694733
20.134735921
20.1355699483
20.1372366662
20.1393192236
20.1405694361
20.1447370646
20.1455699258
20.1464027772
20.1464042561
20.148070296
20.1493205378
20.1497367766
20.1501544809
20.1518199025
20.1522361961
20.1522363203
20.1547364629
20.158486454
20.1597361784
20.163486385
20.1643194738
20.1659869804
20.1680697997
20.1705696537
20.1705699435
20.174319993
20.1747362672
20.1759866014
20.1768198399
20.1797363515
20.1809863097
20.1809871532
20.1818201178
20.1822364174
20.1822372281
20.1834862404
20.1843196323
20.1855703317
20.1859862078
20.1872367063
20.1880711571
20.1884862955
20.1914026271
20.1918213819
20.1930694412
20.1934858541
20.1934866392
20.1943199872
20.1951543309
20.1955691736
20.1959864787
20.1959865919
20.1984863985
20.2018204296
20.2026531921
20.205569778
20.2084861108
20.2118197207
20.2118205106
20.2134864727
20.2139040748
20.2147366864
20.2147373473
20.2172359453
20.2172374972
20.2176529084
20.2184859801
20.2205695369
20.2205695783
20.2205699983
20.2230704987
20.2234864661
20.2234868386
20.2247361869
20.2247367638
20.2272368042
20.2280695058
20.22848643
20.2297360265
20.2309859445
20.2322358295
20.2322375349
20.233069735
20.2334868794
20.2359861931
20.2359863757
20.2368212319
20.2372369655
20.2401530853
20.2405694191
20.2409863468
20.2418197021
20.2422375538
20.2434862375
20.2443201174
20.2447359765
20.2476534145
20.2480703277
20.2505699749
20.2518199098
20.2534866034
20.2555697087
20.2597375076
20.2618192606
20.2643196004
20.2643202394
20.266819284
20.2684860604
20.2684862978
20.269736862
20.2701525288
20.2730694069
20.2730695554
20.2734869152
20.2747369829
20.2780700061
20.2784859041
20.2814026337
20.2830692238
20.285152497
20.2859871645
20.2922363232
20.2926536368
20.2934864421
20.2943197316
20.2955693136
20.2955700804
20.2959862121
20.2980708937
20.2993202638
20.3005710436
20.3018194205
20.3030699738
20.3059873449
20.3068206588
20.3072368647
20.3072374198
20.3080698756
20.3080700959
20.3105699062
20.3118199106
20.312236007
20.3134869255
20.3143191804
20.3155710812
20.3159870023
20.3180693359
20.32057021
20.3230701287
20.3255705646
20.3268193797
20.3268203718
20.3280700682
20.3309860138
20.3343199779
20.3368207024
20.337652709
20.3376538592
20.3393204031
20.3397377947
20.3409860255
20.3414027476
20.3418195877
20.3422379445
20.3430694181
20.3459863436
20.3459865298
20.3484867236
20.3505691496
20.355569139
20.355570142
20.3572379822
20.358070259
20.3580704866
20.3622368579
20.3630692272
20.3643199375
20.3647365184
20.365986984
20.3680696512
20.3680701063
20.3684868857
20.369735971
20.3705695405
20.3718194049
20.3730697453
20.3747359312
20.3751532376
20.3755695932
20.3755698002
20.3759859295
20.3797371695
20.3809864776
20.3822358916
20.3847376993
20.385569969
20.3884865438
20.3893200234
20.3893208912
20.389736009
20.3905709661
20.3934868546
20.3939038141
20.3959861464
20.4005691703
20.404319557
20.4047364081
20.4051533602
20.4080702164
20.4084859465
20.4089030154
20.4093198301
20.4109866259
20.4109873562
20.412236814
20.4130693002
20.4143206058
20.4159868709
20.4184858084
20.4201542487
20.4205692168
20.4209858378
20.4218203605
20.4247359348
20.4247370596
20.4255692391
20.425569519
20.4293192266
20.4293192545
20.4305696849
20.4305707939
20.4309877922
20.4322378671
20.4330700722
20.4334867151
20.4372368341
20.4393204347
20.4397367795
20.4405702262
20.4443199311
20.444320115
20.4459867197
20.4472358051
20.4518194911
20.4559862238
20.4580696017
20.4593191959
20.4593195538
20.4597365728
20.4609869691
20.4614032712
20.4618211497
20.4643193739
20.4651533318
20.4668193997
20.4680696512
20.4680712457
20.4705691717
20.4705700847
20.472236508
20.4734864041
20.4734871234
20.4768195842
20.4793204048
20.4797361653
20.4801525332
20.4822366403
20.4822368483
20.4834858205
20.4847360634
20.4872367283
20.4893198626
20.4909864637
20.4918198726
20.4934860951
20.4934872089
20.4943209026
20.4947362285
20.496819705
20.4968199947
20.4968205242
20.4972359986
20.4989025181
20.499320203
20.4997362033
20.499737076
20.5005701027
20.501819188
20.5030701966
20.5034867312
20.5043206963
20.505569963
20.5059865379
20.5064034937
20.5068194659
20.5084863335
20.5097381466
20.5101527873
20.5101532584
20.5105700122
20.5122362334
20.5122363575
20.5143202358
20.5159865313
20.5159869038
20.5176530508
20.5214032976
20.5218204079
20.524735997
20.5247370961
20.5251532485
20.5268202634
20.5297365268
20.5309859736
20.5326531505
20.5359878035
20.5364035506
20.5368196215
20.5393193612
20.5422364547
20.5447372545
20.5455699258
20.5455704955
20.5472361848
20.5518199866
20.5530696975
20.5559863736
20.5572361454
20.5572364083
20.5580694094
20.5593192093
20.5593199518
20.5597361784
20.5605706512
20.5609864616
20.5630694561
20.5634858482
20.5659869804
20.5664026873
20.5664029393
20.5718207268
20.573486992
20.5759867913
20.5772362637
20.5780699404
20.5805695741
20.5805696155
20.5843196384
20.5851530667
20.5859862078
20.586819826
20.5872361111
20.5880706519
20.5889031272
20.589319394
20.5893195961
20.590987037
20.5964033578
20.5968205558
20.5972372584
20.5984868514
20.5997362508
20.6018197163
20.602236134
20.6034864939
20.60598706
20.6076527725
20.6080693607
20.6080701823
20.6114034246
20.6122369857
20.6143192766
20.6172359453
20.6184870902
20.6184874006
20.6197360989
20.6205706592
20.6209858926
20.6226528284
20.6255697418
20.6259867511
20.6272369027
20.6272369941
20.62848643
20.629320888
20.6297359023
20.6309859445
20.6309868866
20.6343196177
20.6355697254
20.6397365567
20.6409863468
20.6443195624
20.6455703165
20.6459858396
20.6468201371
20.6468202612
20.6497364443
20.6497371527
20.6497372878
20.6518200997
20.6526526224
20.6526535975
20.6543202022
20.6547361598
20.6568203241
20.6580701653
20.6580703442
20.6618192606
20.6634862024
20.663486385
20.6647365184
20.667236902
20.668069191
20.6684863561
20.669736705
20.6705699435
20.6718203568
20.6734858161
20.6734860717
20.6751527665
20.6755691356
20.6755697454
20.6768193347
20.6789033529
20.680986609
20.6818201932
20.684319401
20.6855708429
20.6864033644
20.6880694225
20.688487245
