   1.0776233856029069       -1.9797304330777543     
   1.1009698362842482       -1.3727371763115328     
 -0.26350050353635446       -1.3388809787229787     
   1.5302851238133544      -0.39695319581284627     
  -1.5203177652152178       -2.4670178483701592     
   1.6658242402689183       0.27956618100129882     
   1.3026572296702783       -2.0302997640181175E-002
  -1.9295291646576134       0.23603678410172924     
  0.53222435718602146       -2.1072957489917710     
 -0.94119608581417324        1.1622456181314615     
   3.8214798531794143       -2.6586681097196534     
   1.1392320749008906      -0.44834206715261615     
  -2.1915282223037749       -2.3346159328006344     
 -0.35623779374279252       0.61691900697296331     
 -0.77128580585552342        2.5515588691760596     
   1.2676375536482665       -1.3419038535076711     
   1.0367670969105598        2.7135849576355686     
  -2.6519721107413359        1.4995984441031260     
  -1.2819894145098605       0.78771143230808027     
   9.8475231910146732E-003   3.7428738218233097     
   1.7322967734588479        3.6848346259572167     
   2.8931341823366425       -1.7575491364028677     
  -1.2158411375793943       -2.2605555005756726     
   3.1343808393771662        1.7610771129790135     
 -0.29819592329890288        1.8535770813905983     
  0.28805939381032886       -3.5005387372564694     
   2.8911886447798638       0.88262970054742018     
   1.5785993064733521       0.87779310089191176     
   1.7031137101071714       0.29740114223098368     
  -2.0634469998158620      -0.66024558955954893     
 -0.27874054773111911        2.1643286092569709     
  -1.8170122426239277       0.65772781656630963     
  0.93284296575264580        2.4054028733361847     
  -1.0256648414043026       0.88912888133450840     
  -3.2980527077215047       -3.1059024341148844     
   2.9017269732124129       -1.3211971612325284     
  -3.1151721773843328        1.6013181806080232     
   2.5761736887114894       0.53242965674081288     
   1.6864145127448227        1.4441286918040217     
  0.46267138953119336        3.9863663857302769     
   1.1993816110312903       -2.8912783244017284     
   1.1163720086087441       0.90061580551633957     
  0.31221648514032818        5.0842745075305338     
  -1.8538153280729865        2.4459093954510620     
  -1.4802721171715287        3.1036869486001151     
  -2.6527827513899935       -1.3943507310220831     
  -2.0885768599242498       -1.1658213972993425     
  -1.8654885534136567       0.25130230176442536     
   1.2603417878103480       -1.1488932985050653     
  0.34723616116234002        4.1907127211754780     
  -1.6968752984928601        2.8848308141883892     
   2.7645665754595337       -2.4508454682720551     
  -3.0668579947243351        1.2443166685358578     
   2.5829830701602141       -2.1848324872191291     
 -0.44427336818701679       -1.4182314418211526     
   4.7697672839791645       -1.2199308559453352     
   1.6984119943449567      -0.67823169452846832     
   2.5388842188732363       -2.3710415739561777     
 -0.98772685904712354       -2.5439500116405789     
   1.3676706096926239      -0.65767614599256063     
 -0.27955118837977633       0.89245404359766978     
  -1.5350714250207877       -1.8063685641756488     
  -2.3184745478835671       0.52970906943458962     
   1.9351190637529987       -1.2023981821941199     
  0.59658922468944109      -0.47690823386795866     
  -1.3191167562183823        3.4951492332177723     
  -1.4073144587923374        2.3198555169293917     
  -2.7872680350023020      -0.66908749830477410     
   2.8547908796551331      -0.34261702155800178     
   3.2464397288563873E-002 -0.80693058848674459     
  -2.8365549864406887        2.0708462065403608     
 -0.94678950628991121        1.6440162869418020     
 -0.44873189175463413       -2.5348058154168847     
 -0.45910809205745196       -4.8793592485906423E-002
   1.4060139123741324        3.4117934610298808     
   1.1673613054093117       -1.2990546034346573     
  0.89304050990355410        1.9662547389900058     
   1.7542651350374703       -2.9380573116948425     
  -1.8981573715545612        1.0859936016875973     
  -4.2846834412027643       -2.8413253185846878     
   2.3171740014653617       -1.9199530842104635     
 -0.33394517590470674       -3.1726323949869677     
  -2.3067202584780309       -1.0070448992333776     
  -2.8488767243002857       0.96386946038602650     
 -0.23407424799008059       -1.3963911715017505     
   2.3239833829140863       -2.6143074222542930     
  -3.1157396258383931       -1.0399942343865241     
 -0.89393573599743004       -7.3883453198853033E-002
  -3.3563377703599917       0.26407394772975001     
   1.2506951640913213       -1.3223307392767882     
  -3.8180786838354051      -0.76612177889339828     
   2.2831270942217392       0.58812612464876901     
  -2.0515305822805940       -6.7233128672529840E-002
 -0.52104103761489906       -2.3646179650387062     
   1.9277422338502133       -2.5580819512590161     
  -2.1397282848545491       0.15041385582531808     
   2.4984332505052187        3.2555108346612873     
   1.2325368135613894       -1.9486703946650406     
   2.2948003195624098      -0.96804981451084648     
   3.4439645030995338      -0.82537012467336801     
 -0.52509424085818690        2.8778026303139801     
  -1.7339215761365159      -0.34820933990968239     
  0.36985303525988922        5.2646645603070485     
   1.4398986914880236       -2.3880452446200717     
  -4.9086051966399147E-002  0.53809754696211032     
  0.42108552425505419      -0.97152612051324239     
  -2.3467659065217199        1.3089306170586572     
   2.8086937785811728E-002  0.15661074913393813     
  -3.2456042577533530      -0.97999016991038124     
   1.2965774248053457        2.5434726791270070     
 -0.99656284211749213       0.32831003690446225     
   1.0005314599155621       -1.9052921415047055     
 -0.58702718641563401        3.1150983009123281     
  -2.9994937568208822       -1.9004555418491980     
   2.1808242443611405       -1.4192138761261774     
  0.76966100317785546        1.2892819309581562     
   2.6438621828744058       0.58676583099565738     
   2.2080617701560383      -0.55467168770416908     
 -0.57275991099925871        1.5734321607192361     
  -1.6337263919624267        1.1502296908623086     
  0.50312235789921100      -0.98694278191517348     
   2.8118269252762760       -2.5298180720221426     
  0.12698509692204851      -0.94583168484335767     
   2.2800466597568398       0.47129201422041023     
  0.20480659919318533        1.4773047425660200     
 -0.97159511013883559        1.9138078614755938     
  -2.0792139604322535      -0.28446446788748281     
  0.57709331708922385       -2.7608034915074455     
  -1.5850474210105334        1.4434107590426568     
  0.91821090204437450      -0.29051021745686745     
   6.2822889580793628E-002   2.0933288377515100     
  -3.7141140206450576       -2.5884996287799824     
 -0.88270836301352151        1.6979368159137516     
 -0.40021504893247162       -1.6634999446641272     
 -0.47252419479273655        1.2327163865496016     
   1.4522609613800528       -1.9546027864299993     
  -2.3869331506627081      -0.19408051182518182     
 -0.48808849524696374      -0.43591049460056919     
  -2.4180617515711629       -2.6607463361341290     
  0.62475898723029566       -2.3826418559424343     
   2.0579716540570692        1.7200038018420059     
  -2.3519134746406962       -2.4104523039616037     
 -0.94075023345741116       0.14327231414648312     
  -1.6852426051846225       -1.1553546933573453     
   1.4691222868721328        2.0948402751438562     
  0.94966375921229318      -0.99272402994089770     
   3.7875545420330896       -2.1099785503631852     
   2.9600525678833334       0.24786378169683809     
  -1.3720110585432956       0.52354996206077908     
  -1.9530782755011189        2.1486474463113798     
  -1.2280412793416922        1.6468502320524512     
  0.67599147622546063       -1.0471357760653595     
  -1.8999002489491752      -0.81256069277323428     
   6.1201608283478315E-002  0.60939960594604115     
  -3.4535741161664801      -0.29096364867457147     
   2.8603437680984394      -0.58599622766054349     
 -0.76095013758513819       0.23622571377577239     
  -1.4522644827604059       0.66547393320208448     
   2.4135186425583273       -2.5526785625813782     
   1.1113055045546334      -0.34235252001434135     
   1.0308899522077919       -3.6868611817979433     
   2.5354389961164419        2.6684307655392270     
  0.66253484145774344       -3.2660770117687696     
  -1.9224360589818588        3.0130384909941532     
   1.1644835311065771       0.90911764084828617     
  0.23062550385293257       0.81238564773813193     
  0.68458426710123188       -1.0859797170486560     
 -0.69026227302218857        5.0806848437237111     
   1.3953539878442838      -0.69421514495252934     
 -0.44155772201401344        1.6603020248443321     
  -1.8319685625916620      -0.83538339739766121     
  0.40669665274138023        1.0774917663556498     
   2.5286296146677172       -2.3806769873323841     
  -3.8112287703542473       0.37618481630702716     
   2.7374506457619345       -2.6309710195049094     
 -0.37022134493213787      -0.13044899760740813     
  -2.9435190200310695      -0.98169053697677056     
 -0.22754859076838674        2.6239945062042493     
  0.76337853815075807      -0.13770389709066988     
  0.51434973088311953        1.0230800202311880     
   1.2244709391072455       -2.8226212808544040     
 -0.18669230207603960        2.0526711718973973     
  -2.0647845568861469       -1.7102033600876236     
  -3.6549372532930473       -2.0995496323559966     
  -2.7003268254337662       -1.2096152957425725     
  -2.3890408163492181       -2.6219023951508325     
  -2.3488330401757973      -0.58932138992370531     
 -0.66529454104353203      -0.84807947149336904     
  -1.0128972511879448      -0.52402729457435049     
   3.1375018058744990       -1.6073500455384671     
   1.1245189471277541       -3.2131011311670363     
  0.22178952078256398        3.9934323555394955     
  0.95331164213125241        3.1373542165146255     
  0.26848242214524642       -1.7185918376151452     
   1.5862598606031666      -0.45140272787211710     
  -2.0480042954589330       -2.7657156630325703     
  -3.8742155487549490       -1.6823173401988369     
   2.5629197141059370       -2.3098661455009664     
   3.1126840218278495E-002  0.12778008087493431     
  -3.2730444437104151      -0.66965428732690402     
