  0.22734431155311768     
  0.23365817806439410     
  0.59703358108379323     
  0.69671263151189333     
  0.20349013502528601     
  0.19025211960748406     
  0.75024474503870386     
  0.36982433682308125     
  0.54057631533082595     
  0.44977659556756250     
  0.85268146135239953     
  0.56075088385008010     
  0.55042221644918510     
  0.95236289991908385     
  0.84861889494060072     
  0.91977620721781805     
  0.58015555278360864     
  0.69745341241972303     
  0.69745341241972303     
  0.34986758974740817     
  0.75927532943353970     
  0.47656739858850661     
  0.77476969130013995     
  0.66836840226540761     
  0.37434324995068557     
  0.55041896668524726     
  0.68440971992725297     
  0.35090945724621342     
  0.29006154682194624     
  0.82799948967908332     
  0.47635017619376929     
  0.64122702917011376     
  0.47273935278329121     
  0.46597548880816769     
  0.82378902227188022     
  0.35080292337144037     
  0.82755245748100326     
  0.91977822098921702     
  0.68646383889866380     
  0.40841437239757911     
  0.90968216957910164     
  0.44231534637047210     
  0.55081112135574417     
  0.63811401549286828     
  0.76201455889665570     
  0.74882461544158851     
  0.62331635391981921     
  0.58498958588087535     
  0.87874924932247145     
  0.78902541218076416     
  0.73572707820431016     
  0.37263457159118751     
  0.59573958518144920     
  0.89290159637462019     
  0.63773357161656052     
  0.34422144002252558     
  0.31908562980763117     
  0.47813623034878727     
  0.61578064013885847     
  0.55926444224963823     
  0.81853946229620700     
  0.46752560108917074     
  0.72617439171826992     
  0.13242566332512970     
  0.28978026055638106     
  0.24686848707196590     
  0.24839488021748535     
  0.15727070088959189     
  0.87243558948422062     
  0.80748157847567903     
  0.36376702107537001     
  0.84024152390692997     
  0.49648183429104947     
  0.66182204586928772     
  0.37724859716780595     
  0.91666825735021285     
  0.72965997681022621     
  0.87596968862989211     
  0.75229216743644556     
  0.57594565549911314     
  0.77961110155353508     
  0.71073753488798408     
  0.62791674671205300     
  0.88417569132025098     
  0.81330670650688741     
  0.27736677881684263     
  0.74547496760163556     
  0.55437278386657363     
  0.89582147014692293     
  0.65399491894731854     
  0.65056516056705915     
  0.72811428076199236     
  0.46529937208828898     
  0.80197218538043802     
  0.81051480425482014     
  0.87466786629965965     
  0.74152489962451051     
  0.29969376533778580     
  0.49240026432630252     
  0.72268556110590776     
  0.63985797560462809     
  0.72943366322089565     
  0.64250634461341594     
  0.58733160227541570     
  0.68980493021795386     
  0.19904339964338866     
  0.45777936878860709     
  0.29295279373867233     
  0.88981763414582371     
  0.55291253003073471     
  0.50274491379112096     
  0.57800442362342774     
  0.76016705940235363     
  0.82222667704251751     
  0.50301928319128275     
  0.85267406017116754     
  0.33292552694107663     
  0.25899903368972405     
  0.79136484699160226     
  0.78703404180641767     
  0.62471070810651752     
  0.17525310202732813     
  0.18532993206851703     
  0.78800695805979182     
  0.25581443220858840     
  0.38732396339350200     
  0.88019516542414911     
  0.83803056657203212     
  0.43300490397709873     
  0.35059808004238729     
  0.29694572482347997     
  0.71297422457601822     
  0.80529931702236168     
  0.68148841479673106     
  0.71469481677600466     
  0.61085374869649078     
  0.75437898909724088     
  0.42111457591180418     
  0.83684287740241670     
  0.57806256879916829     
  0.41416539684219722     
  0.69915468894599053     
  0.52506395562827191     
  0.91807048903649380     
  0.66625127256849237     
  0.34714121267073134     
  0.88007141972586467     
  0.67787748078313437     
  0.20986555401065218     
  0.22588263062309366     
  0.84464110432445583     
  0.92046898592030502     
  0.46563365253693140     
  0.29679245903399459     
  0.58426177728788353     
  0.56247258307302561     
  0.75175609490577155     
  0.55924899380361626     
  0.61393063847003648     
  0.60272802704620732     
  0.31142872444467828     
  0.23803874121973567     
  0.70250129310504406     
  0.71607233608312193     
  0.68568129667826172     
  0.77168929469840641     
  0.78432948797846080     
  0.64166070984800516     
  0.62514330964044940     
  0.92032379153773847     
  0.68898043749251814     
  0.62807285708252403     
  0.67611282956735863     
  0.87173534212992843     
  0.51476031802570787     
  0.60424742744435656     
  0.59871607292405937     
  0.73726932449923721     
  0.67208210658048995     
  0.39842497543053251     
  0.37795103231299754     
  0.73584956945700464     
  0.82717902488731065     
  0.77718432473012011     
  0.81672483755485681     
  0.49224129583752951     
  0.59677674439011974     
  0.54346780631060454     
  0.42894397198542639     
  0.44582283448350535     
  0.83264058400927687     
  0.88884280503459390     
  0.51194894076493247     
  0.30829050246566503     
  0.46522525087077243     
  0.56680919708958466     
  0.87912106634176101     
  0.65422118656102290     
  0.22953149394158656     
  0.37171860933487677     
  0.61467756815829788     
  0.64421179516167382     
  0.53929401051170134     
  0.38690500275265849     
  0.41553134606236891     
  0.71339598466483234     
  0.85718974571371476     
  0.31471446974850542     
  0.20398221898233163     
  0.90641312918104489     
  0.73890875201083739     
  0.56377599633493136     
  0.33975283774319481     
  0.44727023664555332     
  0.61124020387784972     
  0.40472877953633168     
  0.33948294084267389     
  0.65486197677430202     
  0.68057037568019885     
  0.78733740840387634     
  0.27660555745839766     
  0.87826938444994884     
  0.72481872319978580     
  0.87888064381093389     
  0.40275721708161039     
  0.37740382838471725     
  0.31934490861366244     
  0.91234191171267509     
  0.68432730375658912     
  0.62304438201053924     
  0.46083684876620695     
  0.80566429330106315     
  0.38189313541342207     
  0.72969672547878039     
  0.62730077210561686     
  0.48207021171737291     
  0.71926540885345958     
  0.61431814364033821     
  0.84333908029153848     
  0.28688615174652615     
  0.23519823075207036     
  0.39905663627706306     
  0.52473630001739380     
  0.18434910098096796     
  0.58234616052404520     
  0.19464951052344501     
  0.52401247089775893     
  0.38239472387123818     
  0.31397311062163547     
  0.73378958097897073     
  0.69202546261368103     
  0.54525540136935302     
  0.66763460942765895     
  0.40038837587089193     
  0.89937640497752369     
  0.83352040743501843     
  0.24941680369822233     
  0.37839113209179642     
  0.28435718079244299     
  0.24793527742913479     
  0.17019881433018091     
  0.61324415034146973     
  0.74150242877518280     
  0.71818949907412200     
  0.52863968073403600     
  0.28901987082200009     
  0.23297547644929076     
  0.40779052241012892     
  0.40040862710307112     
  0.63049526436785663     
  0.71792174742470738     
  0.42278709741401421     
  0.63463094443717283     
  0.70174569437809864     
  0.61311174123899148     
  0.57880310406124491     
  0.32476723096203008     
  0.81261532135177295     
  0.21047431028846683     
  0.50135910767059189     
  0.48565503543698774     
  0.65584757748656553     
  0.68200498815615151     
  0.82860784778303831     
  0.24503069073135098     
  0.77059901463336311     
  0.75251650211562915     
  0.84787717462059220     
  0.80671143870463269     
  0.79966949167370815     
  0.40289230403418819     
  0.76914234090728451     
  0.34502330120185243     
  0.30546002198088157     
  0.71973757016049622     
  0.67161771895821665     
  0.76328545847630114     
  0.73171672243284669     
  0.61091611225480080     
  0.32392317179526869     
  0.53359916804859053     
  0.38398869895266291     
  0.75535498791935896     
  0.55962853169616655     
  0.63314582262502217     
  0.50535443901445165     
  0.62815003435934968     
  0.73086987836586936     
  0.35113723046140788     
  0.34350906314617902     
  0.70545124852232655     
  0.72971186182614622     
  0.60557569542566358     
  0.85720646023884184     
  0.78981875649310562     
  0.70432016491400984     
  0.19209939132455672     
  0.82098442229458213     
  0.34841626011143828     
  0.80441665693387410     
  0.40453766937595231     
  0.72271283953267473     
  0.92316030722563158     
  0.57364738380108404     
  0.27701844402033055     
  0.58737782492737645     
  0.83401202781660277     
  0.35229795937470232     
  0.43790423933165873     
  0.40134750926613144     
  0.45584533876084810     
  0.91807048903649380     
  0.88995606843293040     
  0.76589835934080919     
  0.43179455907109904     
  0.47464541888479456     
  0.62711141714996543     
  0.30261248176149180     
  0.82648287917011909     
  0.53354668291370078     
  0.64739755916077868     
  0.69091452954404786     
  0.66836840226540761     
  0.40386401786721426     
  0.87596968862989211     
  0.72488399124084557     
  0.26287223326135073     
  0.84090352697558335     
  0.35440873063451928     
  0.43104707711149576     
  0.24509923200490008     
  0.26486187661587124     
  0.56880023824288450     
  0.74701041467004381     
  0.66669247824095001     
  0.38223022740934876     
  0.51721494244499000     
  0.93934286829912150     
  0.84214455670394539     
  0.45842270642958299     
  0.55552133152838878     
  0.48622376230107339     
  0.65751438480722590     
  0.66327842893862676     
  0.88417569132025098     
  0.50645389684091846     
  0.88463064037842321     
  0.68891003936148110     
  0.52386700687817089     
  0.20422819889307087     
  0.47788036092653158     
  0.70972662146907506     
  0.59409664031515008     
  0.77449589570337085     
  0.48774149851800702     
  0.26040525796907515     
  0.47078608685942286     
  0.83092525961098673     
  0.39687113610686797     
  0.81279977224672695     
  0.64874635420428450     
  0.40017383576400734     
  0.14644797311250968     
  0.37022549830352075     
  0.72147602589363136     
  0.29619630460375945     
  0.46307357514243142     
  0.60008165301557703     
  0.65499810937973546     
  0.53604287155830810     
  0.56365644170401841     
  0.32713527810190163     
  0.41019419765817872     
  0.43685497212347879     
  0.68489326843149112     
  0.20944349451556543     
  0.34973923317920896     
  0.83148822484174845     
  0.58610367072914604     
  0.34344828214468531     
  0.64806983212189084     
  0.26989178622597326     
  0.17240959685090687     
  0.36719360579850041     
  0.82569680289710390     
  0.61678424605201032     
  0.79467089621348808     
  0.46113547347689010     
  0.36769570925228784     
  0.63626575694591470     
  0.34476947092607568     
  0.72516015630293840     
  0.42090412103520136     
  0.41222276009256181     
  0.58545982706613364     
  0.50108874116645385     
  0.84670997747184018     
  0.90596358847701863     
  0.72735779652812527     
  0.37080495532427926     
  0.94926249669272444     
  0.67668685475859214     
  0.33170162156456623     
  0.47779550281993166     
  0.63383152972188073     
  0.61832539907281470     
  0.59969149153790080     
  0.34681615955205125     
  0.52550066155457464     
  0.66948102009869737     
  0.82253356411036305     
  0.36297868029680591     
  0.66097383975688950     
  0.71620392218875895     
  0.40092973640524865     
  0.47099153047649478     
  0.46594656805682122     
  0.83985153061294004     
  0.88624863615857108     
  0.33752358687638123     
  0.77771454833251152     
  0.36518033962151264     
  0.67248294073878201     
  0.26350178290477305     
  0.18628407288014875     
  0.75358927470051751     
  0.73669375239767332     
  0.67205941923081125     
  0.71643240718915080     
  0.64201835367073801     
  0.47070447785494390     
  0.63425739177262574     
  0.38712101276243721     
  0.87229775273936749     
  0.23334902107335542     
  0.55089808470886403     
  0.68004242823133521     
  0.75242347940443599     
  0.78680840263256957     
  0.75691646230801835     
  0.66054747196348218     
  0.69598171400194242     
  0.22939594553342574     
  0.88198387578170412     
  0.66912831336658918     
  0.23270506971602098     
  0.44683363946904581     
  0.35940917668848715     
  0.59344428146102124     
  0.62404571914558771     
  0.74222213963539285     
  0.53154095393081735     
  0.34086704719589117     
  0.67571850384274379     
  0.50127716944972578     
  0.41399919476251118     
  0.74078422598813431     
  0.84731850601294978     
  0.50604066967013994     
  0.67550736191864502     
  0.80251604172235302     
  0.93934286829912150     
  0.75516698315985686     
  0.53640548023355283     
  0.44340091809064669     
  0.63989459761790501     
  0.63895513165092499     
  0.73786974948813722     
  0.88016316456160371     
  0.72841173490716504     
  0.73994739396223796     
  0.87765216532709667     
  0.30118526420576519     
  0.82857686711357881     
  0.21252628310293920     
  0.40878437103055926     
  0.84048407176941609     
  0.60533808018739410     
  0.79597937190219403     
  0.77111456061424177     
  0.17584838241987860     
  0.59440544853583488     
  0.22209375526344488     
  0.66517013661341506     
  0.87787869337901725     
  0.96688770552947534     
  0.41701193372608319     
  0.51143894426278369     
  0.80399047096214571     
  0.79623432114780479     
  0.40035873515490883     
  0.69507545752104594     
  0.41211599095476908     
  0.66399601303938294     
  0.67770899701205034     
  0.21932568705482508     
  0.79973267701325479     
  0.43829006426849443     
  0.51183058010340166     
  0.68388501227779097     
  0.70603817996429674     
  0.35401427984208816     
  0.34309585959247385     
  0.23916241419601814     
  0.87787869337901725     
  0.74249196261069583     
  0.86375092367284012     
  0.46626745394654201     
  0.62672589476299412     
  0.63250685500584436     
  0.86152909494496777     
  0.41150923274505441     
  0.76277084858823319     
  0.72932584866592953     
  0.49391080486135164     
  0.36492820265145237     
  0.83398106422964902     
  0.59838347062401964     
  0.41651978898500264     
  0.16922845337961051     
  0.27029651912615410     
  0.63147052166340167     
  0.80573629529083712     
  0.65696470548492414     
  0.69349657309567869     
  0.46860156051758695     
  0.75857677538815671     
  0.65797053657065085     
  0.94926249669272444     
  0.90208345714535232     
  0.39685784360625015     
  0.71592614855291314     
  0.67031459102688962     
  0.76192384029683047     
  0.58807293619049550     
  0.23889066276939458     
  0.71993821515449807     
  0.37172367741381612     
  0.49538618835741610     
  0.26292631356552421     
  0.62851761784405036     
  0.24772722150759030     
  0.87826938444994884     
  0.80281247125847599     
  0.79891414838356078     
  0.81625569477128701     
  0.56745264083468827     
  0.36794885760683854     
  0.85499432926679853     
  0.40227981202105334     
  0.17507063630960942     
  0.36165616453779709     
  0.68466258095587440     
  0.59520288904507279     
  0.86013533157404043     
  0.77267969698366445     
  0.40475210590248956     
  0.77114222555233647     
  0.77083662029839362     
  0.67216907829124994     
  0.59515654675253538     
  0.21654836413427000     
  0.66306513241243603     
  0.53825159707961423     
  0.17203794117377680     
  0.70071620967286541     
  0.77067697759515652     
  0.26493951340445410     
  0.32431507198230308     
  0.77287042689717789     
  0.40642804777527292     
  0.62627117062283100     
  0.29246117536599991     
  0.75124216405052646     
  0.26242446511505274     
  0.31908209156613970     
  0.81995544255953268     
  0.41078963865168316     
  0.20667411049808143     
  0.67064183333016547     
  0.71371059636225387     
  0.20584602935496724     
  0.87055441644467402     
  0.47995042816938049     
  0.77655830554851324     
  0.91143434272412194     
  0.73798546245042074     
  0.80479779058000089     
  0.35625591820353286     
  0.30896408975189710     
  0.22139684293747766     
  0.96688770552947534     
  0.61210136009839444     
  0.69855663981063110     
  0.48280976507848783     
  0.52054685325867367     
  0.59879180304802149     
  0.66401353095370885     
  0.49678094906499815     
  0.78514823569286973     
  0.57277745827801141     
  0.36735506650466282     
  0.93147648642190040     
  0.52901224133757818     
  0.21250686158999862     
  0.43194943282257048     
  0.62889321823799404     
  0.24299878766367197     
  0.48141401305323717     
  0.86427075158271871     
  0.37879034894964558     
  0.20467942185588131     
  0.76271263264925304     
  0.87939871028229766     
  0.61435400612409108     
  0.70666558073747643     
  0.61242308538650614     
  0.64279761273094727     
  0.44409155139172313     
  0.88260102919854200     
  0.84847701016601651     
  0.80255855051869218     
  0.84069816363568528     
  0.42180138740630085     
  0.42288002028284905     
  0.64101904579981916     
  0.36993301681029006     
  0.88560333550358938     
  0.38896967341568950     
  0.35647632408549723     
  0.75170429879615996     
  0.76714116059347348     
  0.58736143213023917     
  0.78279733780672534     
  0.26609669391878271     
  0.64388232321776295     
  0.88542711130887009     
  0.74928758405345675     
  0.40241029819232693     
  0.44956867187170396     
  0.81125021856747170     
  0.20651868139024057     
  0.64348422879469902     
  0.62227495271435906     
  0.75091941618336711     
  0.20537944569053196     
  0.51670313189535777     
  0.45633442163194066     
  0.42567667020862193     
  0.36639557971882286     
  0.61269477834323793     
  0.90291989232242431     
  0.51256458072766287     
  0.54343538139541225     
  0.82932286917754361     
  0.55213479749517191     
  0.78018025831769611     
  0.51488212780273246     
  0.34367072015680383     
  0.54219158643930176     
  0.84908989009059033     
  0.46310256034216235     
  0.20186875949090982     
  0.66322987981446524     
  0.40443088928503979     
  0.76300662422806020     
  0.90176747340759511     
  0.35947069367760287     
  0.73440525955188851     
  0.70730098299347566     
  0.36450286601422643     
  0.69406720351519047     
  0.59527254948226627     
  0.39573330294852038     
  0.32453845451983776     
  0.84335116130035348     
  0.30047946689533445     
  0.85122882978896763     
  0.82799948967908332     
  0.87888064381093389     
