   3.7284407627737323E-007
   4.2412401408574686E-007
   5.1783347442235945E-007
   5.4633117451881167E-007
   5.6592076061519704E-007
   6.4886720251278514E-007
   6.6710835965818025E-007
   7.6901269080982866E-007
   7.8778187430530890E-007
   8.3277666825531453E-007
   8.7393445307134034E-007
   9.1448996906767224E-007
   9.4291984574010149E-007
   1.0413993956692764E-006
   1.1377016871119551E-006
   1.1497794466731332E-006
   1.2055501186446101E-006
   1.3245961079907011E-006
   1.3482461025298469E-006
   1.3875892300123207E-006
   1.5163525664708498E-006
   1.5676459926083046E-006
   1.6536957998527363E-006
   1.6985417308817099E-006
   1.7807122776644517E-006
   1.8338012217521458E-006
   2.0086301047395560E-006
   2.0317088026945826E-006
   2.0648881240813516E-006
   2.2223700294463230E-006
   2.2732679068865167E-006
   2.4125434000786789E-006
   2.4854261945807151E-006
   2.5791714320288300E-006
   2.6896919625833386E-006
   2.7409724710212587E-006
   2.8616183003412126E-006
   2.9571993813233311E-006
   2.9753623055203492E-006
   3.1393419472590425E-006
   3.2690573792715349E-006
   3.3407884113387571E-006
   3.4697188211568468E-006
   3.5848735444008202E-006
   3.7211567526796002E-006
   3.8835282442334242E-006
   3.9321214093183057E-006
   4.1372801834750017E-006
   4.2609153970966524E-006
   4.4285981761067757E-006
   4.4421445864563102E-006
   4.7055258202142444E-006
   4.8276997755350310E-006
   4.9325346746324659E-006
   5.1731037859166982E-006
   5.3694847804983750E-006
   5.4294993003915214E-006
   5.5330202028976165E-006
   5.6122097473658963E-006
   5.7200641714892871E-006
   6.0375347284202757E-006
   6.1235335483498594E-006
   6.5077127208104589E-006
   6.5455233280252494E-006
   6.7031656869367649E-006
   6.9105435665526212E-006
   6.9625618040290303E-006
   7.0968705937322838E-006
   7.1721871035903600E-006
   7.4256574817149341E-006
   7.8333514650964972E-006
   8.0154548752886083E-006
   8.3391970475425209E-006
   8.4064732653916865E-006
   8.7495941321383615E-006
   8.8861893426301055E-006
   9.0490111815411625E-006
   9.2291770339318045E-006
   9.3745173668930780E-006
   9.6136793974838630E-006
   1.0051898557237664E-005
   1.0088847259840127E-005
   1.0492407063397178E-005
   1.0693398677441835E-005
   1.0856899508677551E-005
   1.0881166144131770E-005
   1.1253913080233949E-005
   1.1727916675406954E-005
   1.2064652671773260E-005
   1.2132158174111506E-005
   1.2521514588428876E-005
   1.2719047520821697E-005
   1.2874991748876089E-005
   1.3312948835643802E-005
   1.3450200880686888E-005
   1.3800117548239688E-005
   1.4135447266451798E-005
   1.4406516419579612E-005
   1.4565170142614694E-005
   1.4915661655927868E-005
   1.5517755945251021E-005
   1.5690853287690286E-005
   1.6359542017865304E-005
   1.6799647561196668E-005
   1.7115429969197075E-005
   1.7390625402457419E-005
   1.7688825800500305E-005
   1.7928747452683991E-005
   1.7944905239576691E-005
   1.8461821615314854E-005
   1.8751179339178606E-005
   1.8966866408253753E-005
   1.9959777099298732E-005
   2.0686820526660568E-005
   2.0916486186689443E-005
   2.1141493640587140E-005
   2.1502373622531143E-005
   2.2216311763276902E-005
   2.2548516820907951E-005
   2.3074447025994451E-005
   2.3375599316308626E-005
   2.4320932058598797E-005
   2.4670099295246605E-005
   2.4953278065962179E-005
   2.5345056820951653E-005
   2.5679478673605706E-005
   2.6571631582668885E-005
   2.7311574660177228E-005
   2.7663584762121564E-005
   2.7768790433571751E-005
   2.8546058628014238E-005
   2.8736431846931737E-005
   2.9083052255018122E-005
   2.9705175578092387E-005
   3.0269525051828249E-005
   3.0530617134825719E-005
   3.1080926603613039E-005
   3.1641164710804868E-005
   3.2184190428691054E-005
   3.2888526448126887E-005
   3.3656826908526954E-005
   3.5412795370234388E-005
   3.5899285962523195E-005
   3.6195063834574686E-005
   3.6447943065177916E-005
   3.7436061239134198E-005
   3.8385030335657366E-005
   3.8427205478815667E-005
   3.9690002474095643E-005
   4.0809247930041482E-005
   4.1766850213591621E-005
   4.2367448313021895E-005
   4.2621465441582903E-005
   4.4419859761351241E-005
   4.5240732263495331E-005
   4.5603234289732353E-005
   4.6978438952583676E-005
   4.7161088633328830E-005
   4.7379185731742799E-005
   4.8123654854284853E-005
   4.9270514483063717E-005
   4.9582034117104887E-005
   5.0140964624929695E-005
   5.1245597453744126E-005
   5.1701977388218772E-005
   5.2829490983064303E-005
   5.3578732198996090E-005
   5.3715121156484818E-005
   5.6641979290165075E-005
   5.7908023425615853E-005
   5.9142523022286665E-005
   5.9886347447717931E-005
   6.1356725693418986E-005
   6.1668761369749670E-005
   6.1827923319697544E-005
   6.2342321162405895E-005
   6.3142965590974324E-005
   6.5533622713425554E-005
   6.6672848839461287E-005
   6.7691467656317804E-005
   6.9442399946840556E-005
   7.0422544573748899E-005
   7.1103579223362199E-005
   7.3060387184840824E-005
   7.4890843746649313E-005
   7.6724255929051775E-005
   7.8737221170170572E-005
   7.9089122601343304E-005
   8.0719239974888062E-005
   8.2275399728570903E-005
   8.2537392347107195E-005
   8.5488469557007567E-005
   8.6009011662293333E-005
   8.7311609125933563E-005
   8.8348635988983932E-005
   8.9626512109058066E-005
   9.0458258173625972E-005
   9.4631346739478447E-005
   9.5779111747035378E-005
   9.8184694189760383E-005
   9.8780087192502689E-005
   1.0033468069146505E-004
   1.0182992720365060E-004
   1.0311573429855266E-004
   1.0443930821456480E-004
   1.0748594000383182E-004
   1.1049956594971445E-004
   1.1368274517689252E-004
   1.1398242274667314E-004
   1.1460041139750648E-004
   1.1691580619908071E-004
   1.1805181078916551E-004
   1.2218761038978299E-004
   1.2390953785468067E-004
   1.2434927107913359E-004
   1.2508115304318669E-004
   1.2725214318441697E-004
   1.3145183046296379E-004
   1.3414955636867625E-004
   1.3765181578574351E-004
   1.3907675913833587E-004
   1.4217240415138898E-004
   1.4559277300311098E-004
   1.4654273731130808E-004
   1.4887842393331333E-004
   1.5548468034251790E-004
   1.5848930933179937E-004
   1.5888602087673408E-004
   1.6075087266400218E-004
   1.6332956690186506E-004
   1.6674642001881842E-004
   1.6890566907429961E-004
   1.7183849498534636E-004
   1.7260903713647846E-004
   1.8004829121988751E-004
   1.8124882859483794E-004
   1.8239056444800526E-004
   1.8652684716445521E-004
   1.9210965238971464E-004
   1.9398072462320720E-004
   1.9684098411226105E-004
   1.9975387402967491E-004
   2.0570983312811523E-004
   2.1046749118001963E-004
   2.1164274349073667E-004
   2.1723741247811021E-004
   2.2338001592726530E-004
   2.3004921660671972E-004
   2.3606754754559774E-004
   2.3785982868689616E-004
   2.3845878027512840E-004
   2.4358854192749166E-004
   2.5162960810471286E-004
   2.5282921368481945E-004
   2.5998941849230480E-004
   2.6259823024863289E-004
   2.6738112725248797E-004
   2.6874429999420603E-004
   2.7664686105350787E-004
   2.8087126368966952E-004
   2.8697492853282870E-004
   2.9195487223206010E-004
   2.9431095306857940E-004
   2.9914709719582196E-004
   3.0245403361196587E-004
   3.0648421786388436E-004
   3.1297241329842512E-004
   3.1992567342063185E-004
   3.2045252516402120E-004
   3.2519748989809073E-004
   3.3247866424089019E-004
   3.3996752993644791E-004
   3.4302803647709462E-004
   3.4934235592880687E-004
   3.5248798799654543E-004
   3.6036893738644219E-004
   3.6501246460482841E-004
   3.6968138221713269E-004
   3.8213839171736738E-004
   3.8714389436691343E-004
   3.9434742793293445E-004
   4.0262732420283376E-004
   4.0951057771811995E-004
   4.1107188993963175E-004
   4.1748390795683863E-004
   4.2245705081567664E-004
   4.2826932304719658E-004
   4.3964917432401867E-004
   4.4730335301321498E-004
   4.5280304350962689E-004
   4.5592385971923109E-004
   4.6597627324850780E-004
   4.7869171381317047E-004
   4.8684382474269497E-004
   4.8858709118483308E-004
   4.9729422081506752E-004
   5.1775223582788609E-004
   5.2620669451239322E-004
   5.4100147456435748E-004
   5.5198935654534231E-004
   5.5437197388832676E-004
   5.6289164723161633E-004
   5.7731802759688350E-004
   5.9027736082737194E-004
   5.9674421080042114E-004
   6.0771364828811033E-004
   6.1259182270733011E-004
   6.2453522992939579E-004
   6.3778551446908905E-004
   6.5055449766502987E-004
   6.6150742016518062E-004
   6.7244505750009662E-004
   6.7652407182081055E-004
   6.9945338637969197E-004
   7.1091573381970314E-004
   7.2999141454218762E-004
   7.4732657012206607E-004
   7.5688262853688937E-004
   7.8273608840432067E-004
   7.8757587018967541E-004
   8.0419907097717619E-004
   8.0783764111013931E-004
   8.3576103701697821E-004
   8.5325491797123409E-004
   8.6734013270267781E-004
   8.7985444088398211E-004
   8.8687239130172976E-004
   9.2130619711487997E-004
   9.4184312098745935E-004
   9.5878966138192810E-004
   9.7860448358349432E-004
   1.0042148569808223E-003
   1.0269363652448272E-003
   1.0351322635591830E-003
   1.0525899821262395E-003
   1.0548282386363403E-003
   1.0716430817318454E-003
   1.1137242135350121E-003
   1.1304585425687805E-003
   1.1350412999378962E-003
   1.1678278570613309E-003
   1.1854979246960101E-003
   1.2152633386847884E-003
   1.2361657707684189E-003
   1.2432780577830652E-003
   1.2832946377188189E-003
   1.2909761428922561E-003
   1.3165662366149528E-003
   1.3580021273716044E-003
   1.3631413637157166E-003
   1.3874847612362047E-003
   1.4006582730908953E-003
   1.4446159099296900E-003
   1.4627142562599791E-003
   1.4800310368966931E-003
   1.5069233589491270E-003
   1.5416542721127446E-003
   1.5639385475754908E-003
   1.5938384800049375E-003
   1.6175019538545545E-003
   1.6480823099913231E-003
   1.6508968215008595E-003
   1.6903356773566715E-003
   1.7001303414970529E-003
   1.7601126116225463E-003
   1.7879295625800986E-003
   1.8014066233847824E-003
   1.8441091811287663E-003
   1.8561050713803949E-003
   1.9162195651376240E-003
   1.9359111704025560E-003
   1.9645926935858344E-003
   2.0438729426675477E-003
   2.0737306079229162E-003
   2.0792508618615942E-003
   2.1136270107575531E-003
   2.1664369779209498E-003
   2.1909488193393501E-003
   2.2242227681566569E-003
   2.2600945109096681E-003
   2.2778525736503190E-003
   2.3086237457651038E-003
   2.3581048092969127E-003
   2.3872332696749893E-003
   2.4215323833488536E-003
   2.4906170780549628E-003
   2.5413592182465796E-003
   2.5677190400344597E-003
   2.6348134804287768E-003
   2.7072808336417366E-003
   2.7262943481872670E-003
   2.7695077286134105E-003
   2.8228186592199707E-003
   2.8608277878758603E-003
   2.9245855408530459E-003
   3.0090698189157434E-003
   3.0315770374260424E-003
   3.1795586084186205E-003
   3.1960912612349702E-003
   3.2204366318820668E-003
   3.4016204360906330E-003
   3.4464752002087364E-003
   3.4956945528265846E-003
   3.6396666878613362E-003
   3.7462939818476201E-003
   3.8307839782774377E-003
   3.8803452364117863E-003
   3.9506494159730994E-003
   4.1104863815846424E-003
   4.1908195598646747E-003
   4.2035045440622218E-003
   4.3940533410370452E-003
   4.4340103185820188E-003
   4.5765158496504791E-003
   4.7383635435956101E-003
   4.8343560606416112E-003
   4.8875530886876364E-003
   4.9520559860596709E-003
   5.0766240461829083E-003
   5.1886130470591152E-003
   5.2101518039713961E-003
   5.3564739065805455E-003
   5.5047192428647881E-003
   5.5924266694379566E-003
   5.6659934824633681E-003
   5.6847138158222605E-003
   5.8290817545856308E-003
   6.0794791575411499E-003
   6.1592605675934477E-003
   6.1865100844495004E-003
   6.2335442596110745E-003
   6.5622719208304012E-003
   6.6291173602771687E-003
   6.7194917787443235E-003
   6.8611186878580173E-003
   6.9775152148460109E-003
   7.1157437934929344E-003
   7.2152292067148207E-003
   7.2626418717093777E-003
   7.4541077072880144E-003
   7.6051826155666214E-003
   7.6441283609951843E-003
   7.8281172770120165E-003
   7.9109877974627291E-003
   8.0034694878146784E-003
   8.0680369380352543E-003
   8.0956708897400032E-003
   8.2833180925923691E-003
   8.5232310447384465E-003
   8.6420262374524073E-003
   8.9063537284180105E-003
   9.0742919281761106E-003
   9.1908948917055876E-003
   9.4971973012508443E-003
   9.6801770110828099E-003
   9.7096554564409122E-003
   9.7968109211835127E-003
   9.9036323077587082E-003
   1.0099445335859809E-002
   1.0450119296256890E-002
   1.0645752949110833E-002
   1.0817913152865274E-002
   1.1158356780342530E-002
   1.1452950855166148E-002
   1.1665532522657601E-002
   1.2018886804245437E-002
   1.2326308091634871E-002
   1.2673773213037804E-002
   1.3030573389511189E-002
   1.3374779753694997E-002
   1.3476960889480119E-002
   1.3762358653452073E-002
   1.4379810645215102E-002
   1.4635950122226441E-002
   1.4662458545821934E-002
   1.5396713057338288E-002
   1.5790697636817719E-002
   1.6161076893799097E-002
   1.6818398594631252E-002
   1.7120856700352148E-002
   1.7699058374805926E-002
   1.8083450351070760E-002
   1.8348438201953091E-002
   1.8712360522847145E-002
   1.9557972150705278E-002
   1.9753721107924074E-002
   2.0678019725775609E-002
   2.0799446346404259E-002
   2.1887239964097530E-002
   2.2047085369366108E-002
   2.2939263659516044E-002
   2.3211591466999568E-002
   2.3975716851970027E-002
   2.4239635959796429E-002
   2.5097144412660349E-002
   2.5283643194249104E-002
   2.5489653042307478E-002
   2.6332933464451820E-002
   2.6536555299811353E-002
   2.7165130419350553E-002
   2.7841542144664940E-002
   2.8105732374081389E-002
   2.8428383490980879E-002
   2.8656121732854832E-002
   2.9848507255529712E-002
   3.0493620422070569E-002
   3.0809518763308289E-002
   3.1299875633195799E-002
   3.1867913067062895E-002
   3.3048640655351742E-002
   3.3088415883993312E-002
   3.4091461850591871E-002
   3.4294568615653796E-002
   3.5137124863493220E-002
   3.5944752933670811E-002
   3.6360293122167778E-002
   3.7240922267099033E-002
   3.7463736592150229E-002
   3.8680026562124138E-002
   3.9684355947313572E-002
   3.9847665033143236E-002
   4.1090926414252361E-002
   4.2047563403618878E-002
   4.3046302924344367E-002
   4.4668844792666973E-002
   4.5318205987872492E-002
   4.7028571875731340E-002
   4.7677353373490751E-002
   4.7973492924012789E-002
   4.9269094730297378E-002
   5.1521954501059182E-002
   5.2876440472444344E-002
   5.3388472946919334E-002
   5.5390311381878644E-002
   5.8586374245192689E-002
   5.9398560933196592E-002
   6.1046984338422920E-002
   6.2591780937063274E-002
   6.3652310471722956E-002
   6.7932051372473476E-002
   7.1015274903816678E-002
   7.3110289261914721E-002
   7.4953031690584773E-002
   7.8129365283844954E-002
   7.8302195366291460E-002
   8.1210855816072444E-002
   8.1910826458217942E-002
   8.3108105738665478E-002
   8.7154819905105999E-002
   8.8773097448108629E-002
   9.0012371160801907E-002
   9.1818075632938520E-002
   9.8755270202618040E-002
  0.10089064729795948     
  0.10411013689982349     
  0.10718192822192298     
  0.10904169232676604     
  0.11269538561739070     
  0.11553058833481528     
  0.11707071655411590     
  0.11830795914808873     
  0.11943886549162035     
  0.12140279974241464     
  0.12295171534008523     
  0.12369463807360594     
  0.12558437203363801     
  0.13073482627538824     
  0.13401064978730642     
  0.13510899045190441     
  0.13706621668976945     
  0.14160474898964456     
  0.14505038700847692     
  0.14726404441617849     
  0.15230351498413497     
  0.15616606031424463     
  0.16162609199157588     
  0.16702597235235550     
  0.17020234559074177     
  0.17453114690958835     
  0.17890748601637371     
  0.18431145383256531     
  0.19145209233302982     
  0.19892889341097522     
  0.20502636878312330     
  0.21279023121397325     
  0.21888645443919577     
  0.22589221182022848     
  0.24360169321865041     
  0.25723593448962595     
  0.27156038144623579     
  0.27440754622158847     
  0.27876853488633380     
  0.28827955305037373     
  0.29324725924185496     
  0.29682917678121401     
  0.30061141382479850     
  0.32643604529689640     
  0.32861906268826141     
  0.33783606701304331     
  0.35307161754652910     
  0.35989871340921775     
  0.37119823665803403     
  0.38494664302870335     
  0.40472567455657366     
  0.40928024794810852     
  0.42243485827852828     
  0.42966679763570353     
  0.43245292413513253     
  0.44450933257561770     
  0.46857274732955129     
  0.47100876092948163     
  0.48472922519800143     
  0.48686119917689891     
  0.50154685633851448     
  0.50922150284106782     
  0.51296622416404691     
  0.55089034184703922     
  0.57512811067333569     
  0.61051913100222222     
  0.61919866178708438     
  0.64270265967144857     
  0.66612573451778478     
  0.68277425866791785     
  0.73822845597218889     
  0.77570895790200589     
  0.80364030024025979     
  0.82199240954981190     
  0.85243442599100705     
  0.85886913098941908     
  0.88753450806282541     
  0.90812634092741096     
  0.91555478199084606     
   1.0097022696599678     
   1.0538182066342610     
   1.0634443951715598     
   1.1855514661134774     
   1.2086811475617345     
   1.3117298515830220     
   1.3371463177142564     
   1.3794273265485770     
   1.3917144012224545     
   1.4218038798151693     
   1.4359344633952316     
   1.4548742570978741     
   1.5810303017865477     
   1.6378573028337162     
   1.6817646236476107     
   1.7403546991874004     
   1.7718383507676971     
   1.8310774362557776     
   1.8644267037517588     
   1.9260109724215759     
   2.2305175551508278     
   2.3482645960273354     
   2.3978615345154108     
   2.4344358887711715     
   2.5360258290403661     
   2.6073415932130311     
   2.7098006484870223     
   2.8494058876498820     
   3.2258285359778611     
   3.4007758135887971     
   3.5312765232702774     
   3.8259996812508721     
   4.0309540641273287     
   4.0606324693710496     
   4.2028375692141715     
   4.3469668717353835     
   4.7664665645381419     
   4.9145609322253785     
   4.9717916670669453     
   5.4239920781218185     
   5.7021778504421903     
   5.8721317133413553     
   5.9675251714306112     
   6.1481306477546216     
   6.8619237377817894     
   7.4653235005997391     
   7.5602777075865033     
   10.062867185267429     
   10.309446322555562     
   10.753025089910848     
   11.171383043158691     
   11.427616209668347     
   11.921496481326159     
   13.364560285461602     
   13.591897227283507     
   14.001676083205059     
   15.026448552541309     
   18.501105064693643     
   23.563128268807020     
   24.223772410175698     
   25.726299481016465     
   27.327680979958700     
   27.715610168828462     
   32.026131597123872     
   45.867330797358250     
   48.426678725081224     
   51.797922655249664     
   75.524542474575611     
