  0.38105778174604144        4.6435786970979303     
  0.40114695928886501        14.390129601527757     
  -1.7046017664846533        5.5910485153321394     
   2.8363082412066762       0.11996891890507788     
   2.9299828479174406        10.027838949920614     
   5.3139534366319641        4.3784864334709992     
 -0.97113869092021954        8.8718038290669163     
  0.51295889883316192       -3.5611361121815874     
   2.0713677431521647        3.9273275013702715     
   4.8607550925382732       -1.4058565359560049     
   3.8966191820287706        3.0671131083945040     
   1.1205840272631717        3.0094201259839020     
   6.0169200767249293       -1.1220025868422470     
   2.4458709147479305        5.5738347441987051     
   4.6247739536962946       0.99835743040149172     
   6.8338630736504840        5.0611709576737676     
   7.3846372511523821       -1.5147475005427351     
   7.0096135572746618        4.0648818964331976     
 -0.58533687038750148        7.9793576169374019     
   9.2022053073898267        1.1353976410136077     
 -0.85688254915917739        15.140158709280303     
   3.7477402361924530        3.9824780450187687     
   11.504834382056957        1.8420349359609816     
   8.7959994228957505        3.4395034487521663     
   7.4182840684170390        1.2178146471946478     
 -0.30273985394238778       -2.2087593367041718     
   10.557325284909291       0.83822063159766547     
   3.8562235785808840        7.0495642429356833     
   5.4152958343712090      -0.42248390705574579     
   2.3217536512861838       -2.6119335625463913     
  0.46771401856837214        15.370449061985244     
   3.1489746174304485       -2.9201182142869166     
   16.585205349469589      -0.63597772558414434     
   7.1783808597197147        4.6116056875493312     
   13.575461304416237       0.87896707062942525     
  0.67163049788310536        8.2061446217064606     
   12.391507610347748        1.8385669878528290     
 -0.94620957043227927        1.3360472539216444     
   2.1639420204917026       -7.5100256393068943E-002
   7.2218434215894494       -2.2589898778520547     
   2.3282399919611145        3.9899188494107563     
   10.876865270166816       0.40833240766950762     
   1.1134448602414806        7.7838053711149326     
   7.8299550341693340      -0.86885178591291146     
   10.200262986112993       -1.2772804079667943     
  0.27914599762262471        9.7767334352817841     
 -0.96923442319106456        2.0577144719299634     
   4.5922935632053044       -2.4805464954812813     
  -2.6703902706799321       0.65655906702098399     
   2.6014755753424095        7.8359783078125362     
   6.8718472841764164        1.1644571541031308     
   2.1184292334937607       -1.0079137076744571     
   8.5219782576373664        2.4144856688856819     
   2.8200737879912130       -1.2291132635148165     
  0.87840984903191943        16.391307982702909     
   13.426757571281616        1.3828272485113828     
   1.2017930746777172      -0.40773580932701092     
   4.9485823491543179        3.0110368525269449     
 -0.17600137244469050        3.5949877006403579     
  -1.7413951692137328      -0.77922495237539779     
   1.5181553127190042        2.4461296619917663     
   8.7864044644536676E-002   15.049666517938153     
   3.5320954946614385        9.4006612416373656     
   8.7795696989021756      -0.48414592925486000     
   3.8666612448438884        7.2821459271252253     
  -1.7825573924938831        6.2011366308701819     
 -0.84280578406926665        12.506533800361233     
  0.27240891406696699        15.495597952694560     
   1.7887403071606456      -0.20985434641805911     
   15.707694973763733       0.42081740105738419     
   7.2110501978239956       0.14796500130124546     
   6.6208291425441015       -2.3638534351177203     
  -7.2763337536200012E-002   11.112020471518598     
 -0.83866975996706072        4.2736927803781644     
   6.6428616895383801      -0.23846333175363243     
   9.2962467312772450       -1.4521963712771258     
   1.3600220340978306        14.728891607926293     
   3.6956233822846616       -2.1338660117776747     
 -0.58234072820649230      -0.61548147757968019     
   2.4900171763912069        2.3874811377569092     
   3.2712711297736914        1.2666589595218118     
  -2.8436259071531280        3.2542675920107014     
  0.82980692758757746        3.6509763194112770     
   12.885852543476030      -0.29031348979564653     
   13.157943762385024       0.30628190088394369     
  -2.6072774226053483       -1.6154578555465227     
   1.2217872230859421       -3.4286061360731166     
   15.422694862048033      -0.56755507575505559     
   2.6817931923888065        9.6424174025294036     
   13.274140610417092        1.8025166407310538     
   5.1048974329585270        7.0663994232903002     
   2.9781411584402160        9.0656640814373439     
   10.848456178135022       0.76653144903789183     
   12.602694013399864        1.4865894810092009     
   12.197876166769593       -1.3851486819576793     
   10.697386907645429        9.4872343150692817E-002
 -0.40041016985098832        10.276969201718074     
   1.2536597332075661      -0.38535162074564999     
  0.13140648755696160        14.939431034058892     
   2.0826129884577393        6.8248486774011967     
  0.35247111502986916       -3.1332309551451294     
   3.1511270437031587       0.62169850324382026     
   13.122541141883993      -0.75442426990760802     
   10.729944816063925       0.37080155411562465     
   14.257768120662135       0.91381938929618034     
   7.2731928845032154       -1.4037743741197923     
   1.8851048950377298        4.4062662217792843     
   15.579306869974296      -0.75550196112444779     
   11.482015543673695       0.11780870893940465     
   1.5971974220020084        9.2736455673331335     
   3.9756399540655702       -1.1590275904376419     
  -2.9373628935804517       -1.5876580735925567     
  0.13653783031405142        4.7065206686909713     
   1.7520017848715281       -3.3760367374600970     
  0.27772620954142013        7.2171620982254181     
   9.1299821989543908       0.52043180047645343     
   14.600285044731837      -0.17530575797801129     
  -1.5424819959580107        11.410666569852502     
   4.1189399312281481        2.7473551961932197     
  -2.7366131777815950        1.0273331403425612     
   6.8151470383394841       -1.6740535283542219     
   3.6752586410613044       0.73865839517878040     
   8.7632532673241244        9.4765623887006711E-002
   10.687911902714491        1.9325428215623788     
   5.5785227122459791       -1.4061388842101326     
   6.5036420623455324        3.4491721409613101     
   2.5028953072154549        1.1547983840811886     
   1.7949099913489346        14.244760760427937     
   8.7420270172664019        2.7678271340286704     
   17.025906578113009       0.70034739700991011     
   2.0127131886221776       -3.4257372969882063     
 -0.78600466721360718       0.79065990793558516     
  0.23276421370213818        10.653419705446471     
  -1.3676053220480815        11.675457982011874     
   4.0602852568523051        3.6947852565248356     
   5.1272632580672166        3.7204177426640577     
   1.1162949863723575        12.832333510119291     
   2.4102999089820023        1.3986645946961591     
   2.1268858059013502        3.5950041011351237     
   1.1850145097301161        2.9575027150920477     
   1.9244980673557328        2.1429137047278193     
  0.11219740052263205      -0.37815112819479646     
 -0.43014964565163138        7.2138215339610570     
   8.5466737536750657      -0.92826436741123297     
  0.93097867244719223        1.7281491454081026     
   11.411839632709832       -1.7403553124490994     
   2.7501943344986013        3.2455578188105285     
 -0.98726928824627347        1.5230254952269959     
  -1.0420035447295639        8.5269758234290585     
 -0.39100668329346178        15.601174633802771     
   5.2116852871850039       -2.5827686237457126     
  -1.1194983807500503E-002   5.5244232547312455     
   10.864966868068242       -1.7239614004406154     
   2.8741187851532364        5.3179288922155044     
   6.7989538206031259      -0.25814887827100375     
   3.5234203059970208      -0.31739593904481556     
   15.323209323324384        1.1536719759852492     
  0.99162892559766869       -8.8566378527263012E-002
  0.61965275919778184        15.932948364704334     
   4.9419805558540997       0.64510630508825351     
   3.7361460758913423        8.2946592070945506     
   13.128221415610000        1.5922099033183290     
   9.2267728443194201      -0.44110015838082406     
   4.6719370557298241      -0.17446004591091890     
  0.69740984273457807        14.700333445747706     
   5.0764715073908668       -9.1268140080738469E-002
   4.9404794921303541       0.76215207944080099     
   4.7131580594423461E-002   11.724830882509831     
   7.4044758734270424        1.4350191805442947     
  -1.7822994496974947      -0.74724574705983793     
   5.1041102863216654        1.8659587201216867     
   14.611365782004469       0.21660644767492210     
  -1.1659343507499869        8.8447460339599147     
 -0.57344991460620154        9.2487078055017165     
   12.304237643151305        2.2216916838267924     
   2.9403987985061142      -0.64549009628691723     
   6.7777293962286294       0.28594362283558850     
 -0.91042437131661513       -2.9005100020112176     
   1.0685222394980349        11.663753374512527     
 -0.42811703455070216        15.341579482250864     
   5.1215627996037245      -0.89829322138189305     
   2.3156823143107155        2.3084371007628164     
 -0.40554630457870866        4.1902163963802401     
  -1.4596963744339382        11.806311049599469     
  0.49165559317012031        17.523080336576118     
   1.6333501633675129       -2.5927271473054949     
   3.9576470780513122       0.60576017926475334     
   13.546440945314554       0.67687184274737078     
   10.186730062591893       -1.5791913771394381     
   6.1415090196550608        5.7502289055090463     
  0.94351365793740039       -7.8473085202170445E-002
   16.442227313155854       0.64888586568464923     
   4.5095150689912025        6.1937871250545014     
  -1.2943090252288978       -1.1739269812645570     
   1.3936695714189766        7.8600309525163015     
   5.7713104481091282       -1.6540505948506370     
   2.9582778893679857        8.3182223263332951     
 -0.93188733007525126        6.6297909960817298     
   1.5680384427529197       -3.3574795386475844     
 -0.90393873731550034        2.2485790903890299     
  -1.7953199190844682        3.1761623164047474     
  -1.0781699721200528       -2.3343633077118726     
   8.7608274762175071       -1.7152599893493450     
   6.7836428094495780        2.0778511865683571     
   2.8999476051443458        5.0712006511685539     
   1.8008474950771753        13.567790202736969     
   8.5167094681056401        5.4911651526383665E-003
 -0.95729547322786068        9.2886932742903241     
   14.702644099554828       0.79690858967614631     
   3.2600870489339946       0.70764642391221422     
   3.7166911083528773        7.2857481189936228     
 -0.99823328664150601        2.3803108374712902     
  -1.5875074126135489        6.3039327168800456     
   2.2541304322784046        6.6957197647794677     
   2.5625148698156575      -0.12591810135183001     
  0.92346785233171724        3.0260033818668681     
  0.14822651231070649        4.0582729067966774     
 -0.13901342497221814        11.234649979507754     
  0.67071607773385145        7.6426781725807986     
  -1.6952359492320663        4.9729646842180921     
   3.1330505722902307        3.5882915915457252     
   3.5799183071578438        2.3489660660523457     
   9.9682705200892272        2.4841252126048561     
  -1.5122096639825167       -3.2290411918863104     
  0.57041723129265698        9.6369791952535877     
   1.2391233755169409        14.590459936381762     
   12.640729971694388        1.1616285775007551     
  -6.9922453539146723E-002   11.989464484596642     
   9.7359850443060409       -1.4354167626480687     
 -0.52787240500945387        17.068927732012629     
   2.6340785408197358      -0.81424636098891323     
  -6.5550125066384801E-002   15.596898399278288     
   4.8556299304812196       -1.9611224932861275     
 -0.51623166343145499       0.87540029473412062     
 -0.19952005447676369        5.6631043406578003     
 -0.53608603150875211        14.166820194405563     
   9.6258522567720419       -1.5161980515062194     
   5.7904115350257879        5.1486147414458321     
  -1.7873633188793678        2.5945171793143711     
  -1.6604977108566110        3.0538595848418923     
 -0.87649600225843027        15.509458894593493     
   7.9100006631334061      -0.35567647710122952     
  0.89035946718163439       -1.8819713574378976     
   3.6382643530109298        1.7810769737660639     
   1.7623112719139331        9.2817145409174238     
 -0.53487609254222734        14.326149627152905     
  0.31219063115028245        16.209807435415694     
   4.3766234332556664        7.5612398256770392     
   8.2878821261302349      -0.81407836148915447     
   2.7499625499021767        3.0038722616202698     
   4.2218856652723780       0.56719116150486926     
   1.2511252671020805        6.3334749707835369     
   9.4833688555360354      -0.86745863554535996     
   8.4762200060862956      -0.80957415837976177     
   4.7609720055779956        5.7722186541275091     
   10.845613464652821        1.3197030702208021     
  -1.7430315944455164        6.7836767346472238     
   3.6350802347852702        1.7761372736340686     
   14.954870564948461       -1.0828210976594868     
   8.9392998981954719      -0.37467060640673466     
   11.441054857225135        1.2944300748226523     
   10.557269955342363       -1.5522958180301392     
   1.4246353412323747        11.633698712638132     
 -0.53952689447973645        10.180431190096868     
   3.7729588875771465        6.3033412746878907     
   8.2995104945045099        3.4872559141059902     
  -3.1559510167241021        2.4756634375957542     
   12.540871148578148        1.7251369545877751     
   5.1444909101907310        2.3329336655926465     
  0.65941289862456154       -2.5419372306779806     
  -1.0331768629117728        1.5525585421312869     
   6.5667625243846572        5.4820097365069111     
  0.63101605706897423        12.476420215528393     
   2.6478032060824446        7.2219789216093337     
   2.8609812786581981       0.45575998527289929     
  -1.4482462398040299        6.6369768718034807     
  -1.5810512313000300        11.679689152320091     
  -1.1330665196136334        7.7774741980725155     
   9.0306544280474572       -1.8149707849198378     
   2.6952973209001008        8.5666514422423070     
   5.8059560724758921        5.9502400352622677     
 -0.77010886673362799       -2.0831538451480052     
   12.878185398430887        1.8987970995545549     
  -1.0021229966787875        6.9303487309051972     
   6.9321308525959644        1.5103596108960016     
   16.236560540033985      -0.81469184465506528     
   1.1554144418569146        10.347901313617516     
  0.88606691683727368       -2.9345906541029634     
   11.859763337849468       -1.1851025606945327     
   4.5128852311271519        6.7242791154849266     
  0.68938146479859563        5.7531041951546422     
   2.5992924115965681       0.93929069884109051     
   4.3495083604316687        7.2510545390820456     
   5.4428086790521863        5.5770414310212262     
   1.3397452482807055        2.5579115045980831     
  -1.0465055394842553       -3.1490623731987779     
 -0.58542809371318683        7.9967328990068163     
   1.2812873304141612       -1.6061443305027425     
 -0.67471151445540478        2.4290738386808668     
   4.3124856041077884        4.0515841045115843     
