   1.2488494655438269        9.0700148229911832     
   4.5163834358861141        3.7796404799810035     
 -0.50549326186306631        9.1552522866766655     
   10.851081239151174        2.7807967770098485     
  -1.3553992283595877        14.051159177422116     
 -0.83812781009524828        10.941756638225051     
   12.659980614514263      -0.82613907380613671     
  -1.0701985691648384      -0.57669049245847726     
   9.4715240566634371       -1.3834402953774414     
   6.0828916606697963       -1.9428446306788787     
   2.0272599788181416        8.7590763627062316     
   1.5162486224014260       -1.5410788199681673     
  0.29508862898748278        8.5815106991235428     
   2.7262806993814634        8.8983740602992576     
  -1.4963804789675492        2.0195749645970325     
   12.761945849452900       0.46817625236528526     
   14.957133591600154      -0.50599804615534705     
  -2.5881510144946449       0.51858425431122379     
 -0.22386929460386717        8.3115722656128170     
   3.1562559998477684        7.0680929536412371     
  0.94870726742848399        16.536964409735180     
 -0.40543828329000631        3.9943576252827975     
  0.43719076366462950        3.6451416648291581     
   5.6739356053956485        3.7086402845312851     
   10.030370023559477        2.8595316571870644E-002
  0.30223235841289231        14.572400039720433     
   1.2529315048582528        13.457118824583672     
   3.5943013187258663        7.1005269078792796     
   7.9210645603304339       -1.2985795915189806     
  -1.4807666319927195       0.17995891978395795     
 -0.50746912244501985        9.1991031726445414     
   1.3275590072837846        3.6959067584007230     
   15.908885635635123        4.8650160184947389E-002
   6.9117483294788915       -1.5660508293936832     
 -0.19574587472417138        10.640168474708055     
   6.1535146627362423       -2.4896364831750741     
   2.1830849987877499        5.3910358551627073     
   1.3560366759826006       0.16632146048364715     
   13.200386517859510      -0.28147428713935430     
   2.1895589369992270        3.1029993165733578     
   8.7173700584575737        3.4663241943239593     
   6.4188254590211447        1.7176513706020811     
  -2.4386705390614458        6.1675290310010293     
  -1.2766451682719064        3.9048365786889696     
  0.59491409925954475        13.170595282287652     
  -1.2515243696370848        6.0557481035050351     
   2.2875907580825072        11.163056074974227     
 -0.57560443079270662        14.071305163411543     
  0.87236355430270285        4.5340851100314534     
   8.6795845019151567       -1.3087652205209439     
  0.69694547523117878        7.8479980645647203     
   1.1282974150041780        12.436128762891476     
   6.3945459082952532       -1.3813094819646889     
 -0.44457835725541450        5.1154873758526804     
   13.877080927524219        1.0502343865220989     
  0.85998637222298102        14.161422440797947     
   12.279894762328261      -0.42568558620835084     
   1.8756229095392434        7.4434946250376566     
  0.56480360338786406        17.789659524100614     
 -0.41468372181791668        1.1631183295879297     
   14.588427719876183        1.2746064768936969     
  -2.5820296262799376        1.7486067275745500     
  0.33832790413790859        1.0227442359362695     
   15.966306455700945      -0.40051531571348331     
   1.9016268379609724        11.209646607177827     
  -1.6810624763491744        3.1075317811913652     
  -2.0885297703383339        1.5928741246864369     
   13.159558266037756       0.54898933260866345     
  -3.0770955509043167       0.30693329859069740     
  -2.4691977915757208        5.2372341218226399     
  -7.9559681141415428E-002   11.979434398805601     
   9.7635562286331457       -1.5046707701380648     
   3.2816829927611599        7.6970046401624561     
  0.23965167516624675        17.083235377728222     
   2.5148128139252521        2.1035693927600447     
   5.4173334070890444        6.3692205183106427     
  -2.0102800643481480        4.4102020633507166     
   10.401150650393490       0.57084937468255736     
   2.1323174156083708       -2.4771779756411405     
   1.3278042714268676        6.8022931368907980     
  -2.1955059694319425        2.7499136889260005     
  -1.2661914079920122        9.1289156999594585     
  -1.4622931397677315        5.1004847375349325     
  0.18439738251960591       0.95592812872115429     
   5.5831246837051136      -0.41530804124327414     
  0.80071853990987174        14.104045427002132     
   6.2808377848190844      -0.28531929288321800     
   1.6810246095880719        5.6199593068078517     
  -1.2189753604974736        5.6226308147557909     
   1.6685671495096606        9.9198720642862561     
   8.8174902437033307        1.8890121767851560     
   9.7069449141312631        2.9844781636645465     
   7.3041518346674170       0.86332947443457320     
 -0.12650027208717729        5.9478181540956196     
  0.98209422551171821       -2.2527985776964261     
 -0.86786785942644684        14.102395928720577     
 -0.39917720579622173        5.2645890006808713     
   2.1861698462375814        3.2677571670795262     
   13.372396847852595       -1.0170711741129379     
  -2.4733200182113766       -1.7902546139040363     
 -0.56281440151046613       0.21658936833962805     
 -0.35960428363263874        4.4288651297143478     
   11.822371909357518       -1.5032380596473867     
   4.9534561232404979      -0.78915422767873222     
   5.1297554906701315        2.2983672205212380     
 -0.41131292208698289       -2.8653699881904067     
   4.1545042896928646       -1.8881135705939485     
   8.3598851409550967        2.3331285981898273     
   4.7049413618149725        2.5887130339064091     
   6.1693344299679609        2.0572906513372913     
   6.6423894799782843        3.6391925993786987     
   3.5309435691205473        7.9030514050710536     
   2.1262738336314029        3.1254963195313477     
 -0.97499547775952333        4.8645334830917761     
   1.2448409500094333       -1.1917249105997834     
   1.1890638641096500        9.0086610255950230     
   4.3213625239379851        6.3307613642724103     
  -2.5015563837972463        4.4318513041157335     
   1.8152097431500542        8.1752838430679358     
   2.0696798758698667        10.028110080602444     
  0.47988117375573269        6.2594318765327710     
   1.8785764390382904       -1.2366464262440044     
   1.7625799384705672        3.4618033861293127     
  0.88268275023760667        4.8882527890483480     
   13.480814185173703        1.3298671278226917     
  -2.1311708411868953        5.4637184878941394     
 -0.12787257070797642        3.7201824552261136     
  -1.5462995975563443        3.6023274775119014     
   1.9329416684333638        3.6375102987644916     
  0.57727928844990695        9.4612332882001304     
   7.5196405935210251        2.1162234582249089     
   15.050219370276661       0.17551976112735712     
  -1.4280823147661788        10.564952913276363     
   7.3956342687402614      -0.98426395559806812     
  -1.6645585085996339        9.4925826697347233     
   5.9863644140909074        1.0503387325365536     
   3.6557750920434091        3.6353736828524252     
   8.8316246042944151        2.6204081345706114     
   1.1664246956052247       -2.2560253694472148     
   1.3563900549399803        1.0643056835650335     
   5.7734305089291293       -1.3894475231422900     
   9.4839956801692029      -0.34866579848279322     
   2.2953653808857140        4.5375088928669438     
   9.9410834499180538       0.46131946846164551     
   8.1600462568351713        1.0460296636749020     
  -8.6006648664536112E-002  -2.7396791549907182     
  -1.9033984490755806        7.4391010504091444     
  -2.6387694164026136       -1.1555422664260955     
   1.8569026768354200        8.3976524056615816     
   8.1844601067068048      -0.99942093694568745     
  0.62279854055170913        17.983380292667064     
  0.51946761986176782        8.2134041652853078     
  -2.4183721577914739        6.9820657305717688     
   7.5156325972233784        1.3371690374064502     
   4.0994383824834362       0.74715815486619563     
   3.3611459868881757        4.4153337123009671     
 -0.74014844195566543        9.8135687681101871     
   7.1843784607682828        2.5014974889966113     
   4.1018321911326758        7.9314205350867404     
  0.27309475787812376       -1.8975552488561100     
   4.5216334461534213        1.3326778816447038     
   3.6391180549919464       0.48686300085140610     
 -0.12517588210316744        5.1984626962087965     
  0.70194821032063137        15.022212234894118     
  -4.1222637125140960E-002   13.053883651287892     
   12.297718427963249        9.1336605592982956E-002
  -1.9628549363727956        5.9543198817507292     
  0.77937893096888589        3.4358023024457531     
  -1.6341322129915468       -1.5230848005593405     
   9.7435207310411442       -1.1238720703804104     
   7.8520345466130017       0.87838239735769141     
   6.5502372275050949      -0.81035857610695539     
 -0.65645386238431813        2.2531469845178749     
  0.56126120842128024       0.56471801806444910     
   11.544691151698354       -1.0889086124123790     
  0.56919280428816910        7.0957359706381951     
   3.5914584515010444        5.7786494286594134     
   1.9853933670455679        1.6321684561243823     
   4.1711062877841627       0.65756263187605102     
   6.1752077154857510        3.0019691766430188     
   1.6409648970371928        13.440528042465589     
  0.59717215023868686        7.3517104123248291     
   5.5622634368220929        1.7396465565098276     
   6.1820259396150021        2.8897531749922760     
   2.4126496797043111        8.9586810519650708     
   8.9375456629373300        3.6333220553093644     
   6.3753429352828768        3.3126879806027039     
  0.12143437042852767        15.453888910773239     
   2.2500045626204659        1.8540507223758476     
  -2.4539966149753765      -0.54394306518106905     
  -1.9784684352247064        9.5598700239086352     
  -1.2924622277997457        3.7440359107561254     
   13.438748461621426       0.35120373812694572     
   5.6599130799339541       -2.4295164633664106     
   6.5728018829279584      -0.76138380612783862     
   1.9124125012329132        4.6252384657448875     
   4.1460890924552949        5.8674530147637469     
   1.8117640339968877       -3.5731923358836641     
  -1.9955806172303270        9.5752252805178752     
   4.3808156808006267      -0.51373972666601642     
  -1.5740723237141285        11.377848953805275     
  -1.5210586341922798        2.6621391936472647     
   6.8598023941923056        5.1176883195867724     
  0.95064716815107930        3.4501141464124419     
   3.7818059664298720        5.9679576307255520     
  -1.5505790840309239        4.4692868733674391     
 -0.70351885897170341        2.8000344470612553     
   14.319660291366350       0.25567052598287399     
   4.8390581072379035        1.0378174526012169     
  0.71101844503993705        16.969674046145517     
   1.7033404013859248        10.828674501601979     
   3.1860771589366732        8.5417505216637313     
   2.3035919521508643        11.569783538076408     
 -0.73958689215040518        6.5890996087433606     
   2.4629918990632524       -1.6976892803572707     
   3.0034751128523385        3.0902565695718676     
   7.1495673089544507       -1.5473191032727218     
   4.0059573853939252        5.0200392494407531     
  -1.1953317248662310        1.7666131832724417     
  0.10109105725322953      -0.10667575718814826     
   3.8955964569649661       -9.5932340818941864E-002
  0.85483878741010288        14.936168148621858     
   4.6002788767105276       -1.7975883469534339     
   3.2699596798874890       0.82040939439654581     
 -0.52012291010845590        2.8696868907280462     
   7.4847610462553504        2.4856021695524348     
   4.3788102842764651       -3.0003073748198368     
   2.6906489111822922        6.9230145927430762     
  -2.6400575824543240        3.6757256235923470     
  -1.2716432863720923        4.9428698176573995     
   15.021569816445094       -1.0149896839460975     
  0.36665401586154855       -1.0820959183707619     
  -1.9146622807663218        3.5806450638590683     
   1.5091733178743207        3.0471831628005153     
   4.4157636459497382        3.1578746422080086     
  0.57415720459237640        16.740563026244391     
   1.2531956521989778        9.5862195375542250     
   1.1080430576513529        5.6150053977238219     
   11.518057435511242        1.7655917809825881     
   6.7101199612757583       0.45411724513155827     
   7.2124818911184807      -0.43807724198471076     
   11.723341157656240        1.6661460827597518     
   7.6249970003480705        4.0260110804859703     
   1.1665547241154486        16.559509931495626     
  -1.9153609424897386        6.0965877195893938     
   3.3450229774151041        1.9649880722615189     
   9.0454664494973898       0.70591746816065859     
   2.5222141739223827        9.5389083649004114     
  -2.8381427881919712        1.0884493546702543     
   5.9506128545419621        3.0026785166339480     
   2.3368457677440850        9.0570943962489885     
  -2.5416573970811243        2.4684391083303416     
   6.7469167498248357      -0.19809406259886719     
   8.1646914037298242       0.22575985372593266     
   9.4293437394549624        1.0549537574845211     
  0.76096908985130840        10.890583177876209     
  0.24968518294975572        3.6784052366857352     
   2.6970063649567595        6.6361481910721185     
  0.31904484887851225        1.5285618236249605     
   1.7234950775672613        3.5778000444819669     
   1.6011181902276967        5.9504045802089003     
   1.2832574967426322        13.455099304129350     
   11.863182549355285      -0.73008509705754543     
   1.6256775168830804        9.9551480697927168     
   3.4116192732138741       -1.9344118560023409     
   9.4779772522072285        3.4160257090956496     
  0.23773922201404396       -1.5774617446092294     
  0.58537839433488603        15.052895325738801     
   7.6970311753312863       -1.7930722522573650     
   7.3276155323719969      -0.90421169121780887     
   6.4672604526904713        2.6322969653138419     
   3.5900546757294118        2.2252627883996801     
   6.0179457712637632        5.4624837859127862     
   7.5667243629144512        3.5233342805667855     
 -0.33561925940871440        8.9911109039330643     
   7.6021809465796384        4.3037316530798755     
  -1.2020811184312192        6.4258837412067038     
   6.7749206755685876       0.80945757732948254     
   11.359326279655980        2.4588443869670376     
   3.6859363743035254       -2.0874152121334646     
   3.7188978979379876        8.7386267063874588     
   6.1242690941784144        3.3875534131941047     
   3.9344124855977838        8.9600973384226990     
   12.862913033814241        1.6148414779735716     
   14.831651724074991       -4.9110430365792102E-002
 -0.39176544203704244        15.127119617443549     
 -0.73643032202572467        8.3314801690568494     
   3.5788245784547192        7.6161871381850954     
  -1.4389596157505204        9.0336002230556414     
  -1.4536483010590175        4.5300086694912487     
  -2.5514144555716411       -1.8846189685981976     
   3.5462254360598244E-002   7.7637303521433925     
  -1.7094484499824265        6.4098359441167148     
   4.6671164088544721        1.8282029455906543     
   8.4599917133597575        2.2581128753546769     
  -1.5197371458392399        8.2791883540283937     
  -1.9866120765993631        6.9048950605883217     
  0.97504217863679754       -2.9914437533127640     
 -0.49287493673370353        2.8592731620145915     
   3.7877998187151545        1.3575064874703089     
