   1.0301297140941754E-014
   4.3897074359522390E-014
   1.5215454747250457E-013
   3.3249184915505347E-013
   4.6972337797751827E-013
   1.2735655415190214E-012
   1.3315251678945900E-012
   2.9816831233124365E-012
   4.1934101880731595E-012
   6.2566906106833749E-012
   7.6678481207397666E-012
   1.0509696259386621E-011
   1.7573514227942087E-011
   2.2658026568032582E-011
   2.6099425347008955E-011
   3.9121169586004995E-011
   5.1190179796583085E-011
   6.2344855632876913E-011
   8.4422504032902933E-011
   9.6578847981511258E-011
   1.2642907199132828E-010
   1.6071305691853163E-010
   1.8588562846711908E-010
   2.1217518676302426E-010
   2.5264753521968524E-010
   3.3672578811538498E-010
   4.4643662959976715E-010
   4.5973445153594716E-010
   5.7509159681150755E-010
   6.4994068695720247E-010
   6.9639311459711272E-010
   7.9545645486585301E-010
   8.9441577098558764E-010
   1.1520878915564574E-009
   1.4023454503688463E-009
   1.6295101123989935E-009
   1.7972441592696519E-009
   2.1359872308932257E-009
   2.3288428442634926E-009
   2.5167916251170796E-009
   3.1978396900864307E-009
   3.5303646080172922E-009
   4.1920989410317877E-009
   5.0848689220656890E-009
   5.3253093500802695E-009
   5.7071792447182130E-009
   6.7326760671559260E-009
   7.7007952187108501E-009
   8.3793101410097632E-009
   1.0084225048185507E-008
   1.1939974777205395E-008
   1.2293765946566085E-008
   1.5799129916855262E-008
   1.6927502153346919E-008
   1.9158441701684370E-008
   2.0839162152093690E-008
   2.2380346554112315E-008
   2.7785363277908969E-008
   3.0696299541545206E-008
   3.5221279199791595E-008
   3.9323881394931878E-008
   4.2981554963882013E-008
   4.8482433134402224E-008
   5.3312402841375082E-008
   5.5758397387193424E-008
   6.3362789052253871E-008
   7.2125631860592295E-008
   8.1014091633938581E-008
   1.0030336980635723E-007
   1.0502897689282488E-007
   1.2151104146546456E-007
   1.2895856340715004E-007
   1.3199931140769070E-007
   1.5796054622350120E-007
   1.8080455897205331E-007
   1.9230779990087763E-007
   2.0587654943573518E-007
   2.2845289379027758E-007
   2.5321950946694645E-007
   2.7740409095105981E-007
   3.1685826289050658E-007
   3.4538078049138653E-007
   3.8253871418298477E-007
   4.2441984438595909E-007
   4.6884878176047893E-007
   5.0687832141405056E-007
   5.1229182921479375E-007
   6.0532267946830795E-007
   6.7091474701161455E-007
   6.9073098011175377E-007
   8.1010546722410714E-007
   8.3480634288257007E-007
   9.2671897740369926E-007
   9.5540483920834096E-007
   1.1336741646576200E-006
   1.1916956490664266E-006
   1.3140114461745113E-006
   1.4086410275602774E-006
   1.4793461623317933E-006
   1.5966884464933089E-006
   1.8481332749996053E-006
   1.8700324352114293E-006
   1.8948141970196641E-006
   2.4263583267482287E-006
   2.5448475290260671E-006
   2.9108456181683146E-006
   3.0992418794394774E-006
   3.1946606992908651E-006
   3.5063243885555373E-006
   3.9752003567297787E-006
   4.5122963708302762E-006
   4.6419622511419578E-006
   5.1372858815652834E-006
   5.7164049937973077E-006
   6.3703440300653305E-006
   6.8145734762167107E-006
   6.9474272611415945E-006
   7.7725029674687040E-006
   8.7425665077472310E-006
   9.3896829814733170E-006
   9.8004571800957195E-006
   1.1279473740620002E-005
   1.1528218078772560E-005
   1.2442635802155980E-005
   1.4655668420584659E-005
   1.4907281427156413E-005
   1.6557950447322571E-005
   1.7960763781882224E-005
   1.9482833282968466E-005
   2.0151676451533220E-005
   2.0858124162649210E-005
   2.4635430903118983E-005
   2.5955287490472663E-005
   3.0034691608260225E-005
   3.0797401148350354E-005
   3.3967982026676884E-005
   3.6720102625877991E-005
   4.1048625561018280E-005
   4.4458042523473356E-005
   4.4948719062882822E-005
   4.9196946909415456E-005
   5.2046871228586463E-005
   5.7516070599980644E-005
   6.0198224977785454E-005
   7.0647838485421940E-005
   7.3099885067733159E-005
   7.5203040444108503E-005
   7.9727956573130999E-005
   9.0198645730030189E-005
   9.6234773099197494E-005
   1.0725416715276510E-004
   1.0872880407504469E-004
   1.2810369195600334E-004
   1.3310461423981197E-004
   1.4679669684515960E-004
   1.5796795260988294E-004
   1.7076427057199746E-004
   1.8879475202783928E-004
   1.9406471088677951E-004
   2.1893881248896184E-004
   2.3566088524292178E-004
   2.5773797730433963E-004
   2.8233251040350878E-004
   2.9945258093203215E-004
   3.1401878622071072E-004
   3.4767193666818260E-004
   3.6822280069868907E-004
   3.8572355605176223E-004
   3.9575880027542255E-004
   4.6026300075776997E-004
   5.1068295220842933E-004
   5.4056887801712120E-004
   5.6591465676050247E-004
   6.1279421495807440E-004
   6.7427943068036763E-004
   7.2483928685776336E-004
   8.0264865598949004E-004
   8.7255624066629703E-004
   8.9531113852562986E-004
   9.5799090136939181E-004
   1.0150258583214529E-003
   1.1036242220839845E-003
   1.2524144179499725E-003
   1.3415655430954816E-003
   1.4088690117528932E-003
   1.5039205655326356E-003
   1.6150633455586042E-003
   1.8148220670021181E-003
   1.9799099087709675E-003
   2.0302985737092648E-003
   2.3183545269785102E-003
   2.4881150639754512E-003
   2.6636807799116195E-003
   2.7107088504460318E-003
   2.8939705331990731E-003
   3.1075752821340626E-003
   3.3676290579284589E-003
   3.4813791190458371E-003
   3.9534974438206819E-003
   4.0796685001758416E-003
   4.8329879677153865E-003
   5.2114031478880784E-003
   5.2863424856672723E-003
   5.5845213350630670E-003
   6.2855686695761229E-003
   6.8677804174963001E-003
   7.8641504478352432E-003
   8.2853425281169367E-003
   8.6577090696251819E-003
   9.0668636266713846E-003
   9.8763453875278708E-003
   1.0419130415877179E-002
   1.1488558992292543E-002
   1.2516621756785713E-002
   1.3172444822172389E-002
   1.3829801551470473E-002
   1.4952114653820776E-002
   1.5993811509789228E-002
   1.6895843263537901E-002
   1.9014046956235490E-002
   2.0453874405738523E-002
   2.2078377247701217E-002
   2.3766310964336051E-002
   2.5281692503458682E-002
   2.8544982485033080E-002
   2.9796923869855652E-002
   3.2912191012482529E-002
   3.5158701435599050E-002
   3.5724606243693627E-002
   4.2536828938197796E-002
   4.4765971459494285E-002
   4.7198863263267513E-002
   5.1865189076939038E-002
   5.7942576599637773E-002
   6.0825425170281250E-002
   6.3478753542675986E-002
   6.7225177200472594E-002
   7.6631959579210165E-002
   7.7894979810677514E-002
   9.0252927447044329E-002
   9.1720338633667811E-002
   9.8378597244032057E-002
  0.10484673195932220     
  0.11469359834361205     
  0.12711228221666843     
  0.13451725063500455     
  0.14835026519785144     
  0.16027743694959787     
  0.17240010601489525     
  0.18830094859551538     
  0.19227950421141593     
  0.21365146806379481     
  0.22877167539188883     
  0.26078026574205132     
  0.27118497427496752     
  0.29939929252507996     
  0.31749600408370476     
  0.36436064230623411     
  0.39088124904428145     
  0.40977882924026537     
  0.44207105637453054     
  0.49791095363222554     
  0.52638246222527596     
  0.53160347881933612     
  0.58989203228443698     
  0.67017195737691027     
  0.72961179607817095     
  0.75987514041468285     
  0.78562228727879735     
  0.91381025464928456     
  0.97114177034546534     
   1.0422552109485907     
   1.1449220466428334     
   1.2793312424020231     
   1.3440811502609518     
   1.5078378165216817     
   1.6379229770580355     
   1.7125691678457042     
   1.9756272299620725     
   2.0936040987282376     
   2.1732207849729548     
   2.5420345292854067     
   2.6787000160063408     
   2.8443745807599821     
   3.1692571723172867     
   3.3884770034109559     
   3.8495685689448553     
   4.1159512675622603     
   4.6849951433316193     
   4.9544803632992833     
   5.5729979272598786     
   6.0630025764788487     
   6.5469050136028502     
   7.3601358766145077     
   7.6304252126725389     
   8.6165853193343054     
   9.8250635270136897     
   11.086995137971268     
   12.430186401956846     
   13.821292260329290     
