   11.600998454376542      -0.59535194680529502     
  -1.1574033388976277      -0.25811072903004284     
   5.7066576257203643       -2.7085081709083108     
   1.9585242129802314       -1.8564634489739056     
   3.2628221994644004        2.4636132397508499     
   3.2514437263885307        2.6176143445768814     
   2.1548410818850456        8.3484570999503447     
   3.2330181052464253        8.6983562099621725     
  -1.9640553855166016        6.8475526890101186     
   1.3044112144668913        5.4504636255227048     
 -0.52350177436803325        8.0892085483568348     
   6.3087769879671587       -1.7172685591309660     
   6.9177714783039104       0.45677705476366226     
   7.6652121099510584E-002   8.1754051936539742     
  0.91162250955182156       -1.1553028028572414     
   8.0154947503283136        1.5603934418204908     
   5.8697688856038912        3.5182261382254154     
 -0.91834898998661130       -2.3848422462233971     
  -1.7455694609848669        1.7237474668323554     
   4.9987967222881551        6.1167649333220542     
   10.378323359659788        2.3704248621812125     
   2.1747635952511590        3.9059003041400038     
  -1.4860706186726944        5.9813230441809999     
  -1.6840550600943598       -3.0195923778155498     
  -1.8247800518018931        1.4638506684626202     
   9.9700228428468023       0.28990933255425588     
 -0.79119052676494528        1.4700842311062292     
  -1.4546903339487944        6.5063874500434427     
   4.5856581117137383      -0.11579645113739456     
   2.4949793097260864       -3.2342782365282781     
   8.8300702762022638        2.2585306537090899     
   4.0078250398671944        2.2164457573197032     
  -1.9799141913482268       -2.1083660397135922     
   9.1621485845189579       -2.0744228278582306     
   11.997765905704700        1.6841228995386208     
   5.2868933358541632        3.7452110583487155     
  0.87246083136081154       0.53433061508904922     
  -2.4606569857785359        6.2631044024762659     
   6.8661376797720699        3.8105660382881101E-002
   1.5305173117344966        4.4799601240025106     
   6.9961264989479837        4.5784214918113761     
   11.229657498833973        1.3845283886224289     
  -1.2090187405576138        8.9312748245708171     
   7.1914021616323911       0.53315106908828325     
   1.1673427512834351        4.5791391095580609     
   7.0197436407334415        4.1631466312075842     
  -2.6497890595386400      -0.72844819279703765     
   2.7656762265183499        3.4754997480616980     
   1.8076249818092007        2.5937510870284344     
   8.3518444455417225       -1.5755235595417738     
   9.1228488688582505       -1.6026534940851007     
   6.4745042362038419       0.80711961579250424     
 -0.30316764974480837        4.3891363948857531     
   9.0165135881108345        8.1418535512272960E-002
   2.2324873048544474        7.7341810700089653     
  -3.2130721293163012       -1.1695390579384197     
   1.8384280160233253        8.9159155026116217     
   8.8657583133276745       -1.3397749769577985     
   3.8073273237447038       -2.3364950167181133     
  0.67462295984214826        3.4640157217564473     
   5.1197818430611530        4.7632638761995931     
   7.5536468488962978        1.3874450392891475     
  -1.3283340550579026        6.3569727313848734     
   2.8416909391922527        2.8280581825420636     
   4.1226270026825036        5.8877771307419806     
   6.5427863256012841       -2.0324336014471092     
   11.947094217179876        1.1255425461997426E-002
   7.5355627402649681        4.7785390175626343     
 -0.15967037623534042        8.8306593651662553     
   10.526840517628965      -0.86267857742398135     
   1.0954788724107329       -2.6265893753639720     
   4.3897184803093223       -1.4336113761252722     
   2.1261121791641715       -1.7095403459994727     
 -0.28684085208776855      -0.72855137259442238     
   2.6154982372476656       -1.1897119944279657     
   7.0470447335969819        4.1665667456381872     
  -2.7960980768770303        2.3992497022288406     
  0.83885262615194822        8.0184809140825859     
  -1.0636355674357403        7.6363015403090024     
   5.3063892032075266        2.1824427453305262E-002
   3.1855403261917461        9.4679986740689817     
   9.3435110644939119        1.0081371045980916     
  -1.5686757666895950        4.1924507001784654     
   3.3474839355655499       -2.3627594244720180     
   3.0116907465690206        2.1957654249638541     
   1.0014409532514836        5.0427953612647745     
   2.1099799782938096       0.55495941360302448     
  -1.9326270798972367        5.9691189708825281     
  0.84638901949471546        2.8836348245044086     
  -1.2965649162574144        1.7439719934757516     
   4.5060912178022772      -0.48801224306933699     
   3.1520427143323628        9.2459249955933664     
   9.6540813301493564      -0.93839909883350581     
  -8.6630950154239272E-002  0.34284373929765932     
   2.0078659690631415        9.5742871337407749     
   1.0840354630042723        9.1543546939989575     
  0.13487938163195778        9.1552453121739710     
  -1.1076496754598844        8.3197033199703370     
  0.46650587016257417        8.6428206976974664     
  -3.0598954087252932        1.8229161997740695     
   2.5097134494063829        5.7022325403047009     
  0.34679892669187362       -1.8157626775238840     
  -1.2659243747460951       -1.6715126587554852     
  -7.6215785856687202E-002   6.2494791803845349     
   5.8981873525679873        4.4244834194858429     
   2.6966920151528466        1.0481343635523706     
   1.0777014171792345       0.44371959829780572     
 -0.89014441392632815        4.7477227746418080     
 -0.23586855063755463       0.93472515847234572     
  0.96571524683321641        6.3075924640072678     
 -0.46640420988904818        1.3117641668204243     
   4.3758275509563100      -0.83909280481636417     
   4.2004014496422748        5.3839389857448783     
  -1.5482929709487694        8.4827722982802474     
   6.2929257698889742       -2.1779838453704063     
   8.5184546946459108       0.70739284418412041     
   9.7311847102245839       -1.7525413992496566     
  -2.9937328724367047       -1.8523043832507062     
   9.8827600357524439        2.2248127799092670     
   4.5933184740228983        2.5449893712021252     
  -2.7910097824477522        2.3953364994012976     
   11.700120205824787       -1.6241583362443885     
 -0.82148497726192016        4.9048262356581631     
   5.8864997470028442        4.7385011656056708     
   8.5367695773335566       0.15374688151674398     
   2.7255693931750535E-002   6.9989411804999762     
  -2.2695969740760291        1.7547981638172647     
   4.2631228789809121      -0.87664806250628802     
  -2.1218147765466173       -1.4453773032530635     
   6.0528581999060620        2.2876306590818132     
   5.6768439664558290       -1.7076835313447207     
 -0.14487444109798275        6.1746349938074196     
  -1.2894454944705900        4.3662815012117502     
  -5.1530856427864258E-002  -1.5960644227385192     
   11.004644145879185        2.4625471731593240     
   3.5020073043489655        4.0269919697963612     
   6.3411910287901456        4.0423825993517450     
  -1.1369383550190659      -0.79812132355307863     
   1.6524018454871987      -0.50159320251890893     
  -1.1893355678002560        9.5962032271600091     
 -0.26566763363233692        3.2531888339987978     
   8.0783261138698528        2.3821436994563800     
  -2.6352326839939155       0.43148786552480844     
   4.9345336255917562        1.0925308239450580     
   7.3504264666510721E-003   4.3461056364398782     
   1.7086725360064774        9.0689320534045574     
   3.8137907140426588       -2.2998893540110625     
   1.0818272471838757       -1.2805803661850530     
   5.0663319933975242        3.8229531202561029     
 -0.41574579986929017        2.5990005279723132     
   7.9754853580041942       0.75534323535001402     
   9.5626032431527381       -1.3464267348581060     
   4.3641463330641717        2.0981647139325039     
   2.6938068479076422        4.4090461680271416     
   8.6322834086134534       0.96425504135626028     
   4.0999515875695680       0.87701576498265155     
   9.3549301413434929       -2.0924728690529877     
 -0.23588923939620887        1.1634730211572153     
   5.5694450221388081      -0.53527931729311318     
 -0.24183473681689982       -1.8292844216105102     
   7.1341096490259002        3.4490857809812239     
  -1.4901576276296251        3.9960848620548495     
  -1.4000943250473949        5.0375258066740383     
   1.1293198262682900        6.1149884430035115     
   11.824436334125567        1.7981190972403622     
  0.37826913829206088       -3.3582081180249501     
   5.7336593150085680       -1.7601073597242243     
  -1.9568421350227303        4.6167930757130460     
 -0.99738271820387858       0.54817406926264711     
   6.9460959991836386        4.5829283900492417     
   5.3019311723460500        4.4724465494092094     
  -1.6968521534881931        4.6208943193513434     
  0.34878272398880883      -0.33564820340138191     
   2.4903847120052793        3.5561232167365908     
   5.8647973023164557      -0.53643511289036283     
   1.2557156426449660        8.4006720090916165     
  -1.0935764379283897        1.8872457560910352     
   1.4728266180926317        5.8089190795826458     
   3.8454977935099111        1.5233334030837486     
   4.2320716455664931        7.4329434126389380     
   3.0616102752165233        7.9953938576408330     
   3.6686698490624723       0.73127113622007123     
  -1.9070930800509116        2.8581714831555542     
   2.5786835592744737        6.6314448413311240     
   8.2070238451457236       0.30761057304040085     
   7.9842722685127487      -0.82342478270293507     
 -0.43725010387955665        1.4651431139781881     
   10.351279874975763        1.5886998051541621     
   4.1912531328513820        4.2961091220322354     
   9.4587902413411253        1.9713231157434725     
   2.5261078060711775        7.8277066056026303     
  -1.8018794812190853      -0.32695139856534361     
   2.2725987592472245       -3.3707935848737751     
 -0.99907574475076721        6.1588897001536083     
   3.8251557709855168        3.5189106414279960     
   1.3134472703730644        5.9285313268723066     
   4.7966588696267589       0.44989705795923784     
   11.118553823273400      -0.67462167023339381     
  -1.2802567023860676        6.0476212063375705     
   9.3558222258757535        3.5218469735371123     
