   4.1702669399482772       -2.6758791579121670     
   9.2928740427572780        3.0239435102000334     
 -0.95234016286072531        14.423588846424433     
  -1.5926660507118504        2.3114656766860087     
   3.5299410520971510        8.0112883447982082     
   6.0912446035016519      -0.53844565737009153     
  0.96863750069265064        16.561022346966510     
 -0.31201427500960000       -1.9634013243981416     
   2.2492892763949004        6.5863326777701587     
   7.3718963792039034       0.88651000965795834     
  -2.7132363544513196       -1.4290429492626227     
   4.9706742997621838        7.1206910529056771     
   10.093281402571185        1.4208683847934775     
 -0.15193280304681878        12.820513721017878     
   1.1287189726554314        2.8458240518215279     
   3.6900225240599327       -4.0872822345727755E-003
 -0.79225869089794410        4.9832575523636020     
   14.575562617529062      -0.71656511574859794     
   12.014259066124561        2.1333462183075023     
   1.7690448605065572        13.532991554531904     
  0.48839308480430654       0.70839055127945194     
   3.0496966362088069        3.5583018853355526     
   8.1723037390178099       -2.1415207827766478     
  -2.0729104666001943        9.2581245534477521     
  -2.3930734105257572        4.6270186356065892     
   12.974747897901249       -1.0728040325056103     
   2.7295336922832445        10.326841303718790     
   5.2908372436877453        1.7771073015504895     
  0.16823014087874366        18.876575305887091     
   1.4488819165809939       -2.4977596995336606     
   4.0101854679854956        6.0519743026346404     
   9.1327925707944964       0.35215163452244003     
  -1.1124216348235065        11.751796970746840     
  -1.7527475226746319      -0.36032619899158513     
   5.9311631315388720        2.4895851350645151     
  0.80855602872986898        8.1894078031767155     
 -0.47209574697238121        6.7644521361486660     
   14.895725561454626        1.0646294680364647     
   2.0892078044321196       -1.7852818660196355     
   7.2118149072411217        3.9145408020925654     
  -3.1134400343582729        8.4972446954680425E-002
   4.5704706198552287        2.9348837810107806     
 -0.55213648295377205        8.6347064491229801     
  0.72851529274847815        7.2097507820949307     
   3.2898188441529794       -1.3399832200733699     
  -1.1924623708048974        3.6473616145248053     
   6.4914482834086051       0.79745028046870559     
   8.8189404897353274E-002  -3.4774167206154449     
   2.6494929563018537        5.0723172815528557     
   7.7721000591108567      -0.62750538655934474     
  -2.1529512025815851        6.1410340318238941     
   13.214870105845421       0.44121136371169278     
   5.5309594516319187       -2.4086999703444074     
  0.40835234882291571        14.690768033992192     
   1.6890041245251664        1.8661670307397431     
   4.2503076759296672        4.7160783647958429     
   9.3729147787386697      -0.98374430331635709     
 -0.87229942687933448        10.415901032908044     
  -1.5126253147304598       -1.6962221368303823     
   11.293892442292044        1.1536891972257175     
   1.0486782366740406        12.553334533450119     
 -0.23197353902820961        2.5786448642537678     
   2.3293300123762912      -0.27126646980233238     
  -2.9533585623954917        3.1130032393892870     
   2.1692485404135105        8.8128259075014874     
   4.7305520918180122       0.26309190533318683     
 -0.39205501099099083        17.362559909669788     
  0.88859676471125981       -1.1618637616948635     
   3.4499003161157602        7.3878702404734380     
   8.5725074189247632        1.6880475723612367     
  -1.0323808988421161       0.97556973884721199     
   6.6515297553713868        3.8254810729033117     
   1.5289226525623847        9.5253037410155130     
  0.24827087686013449        5.2504367399313612     
   15.616092185287140      -0.44938592818083833     
   2.8095744282646353       -3.2992972622369385     
   7.9321815310736365        2.4005254058752614     
   5.0507150357435737        5.6066756566883740     
   10.173322138552576       -9.3147011423825976E-002
  -7.1892067065427945E-002   11.306498324800575     
   1.2087597086368222        4.1817199896603245     
   3.7700632600413235        1.3318086556042239     
  -1.9928697306188037        6.3191534902023996     
   13.374951577808201       0.61933082209019918     
   5.6910409235946986       -2.2305805119659010     
  0.56843382078569693        14.868887492370700     
 -0.71221795491655326      -0.80562484493785114     
   1.8490855964879471        2.0442864891182495     
   1.8690957804832951        7.7218442249331360     
   4.4303993318877968      -0.82788977723516410     
 -0.69220777092120578        16.271578227101436     
  0.58844400478104486       -2.2528454442632144     
   3.1497475561855457        6.2968885579050866     
   8.2723546589945478       0.59706588979288622     
  -1.3325336587723309        1.3095437233069109     
   6.3513769954411714        4.1594550573630107     
   11.473984098250174       -1.5403676107491893     
   1.2287698926321702        9.8592777254752111     
  -5.1881883070080459E-002   5.5844107243910610     
   15.315939425356923      -0.11541194372113939     
   2.5094216683344199       -2.9653232777772391     
   7.6320287711434229        2.7344993903349613     
   5.3908881636644850        5.2281718076340482     
   10.513495266473486      -0.47165086047815175     
  0.26828106085548198        10.927994475746249     
   1.5489328365577326        3.8032161406059988     
   4.1102363879622335       0.95330480654989813     
  -1.6526966026978935        7.3656053081761232     
   13.715124705729114        1.6657826400639237     
   6.0312140515156099       -1.1841286939921769     
  0.90860694870660774        15.915339310344425     
 -0.37204482699564290       0.24082697303587342     
   2.1892587244088575        3.0907383070919732     
  -2.7732669064373625      -0.29353140209964534     
   4.9106437477761400        2.5563799319564549     
 -0.21196335503286168        8.2562026000686544     
   1.0686884206693885        6.8312469330406049     
   3.6299919720738898       -1.7184870691276954     
 -0.85228924288398700        4.6938134324985299     
   14.515532065543020       -1.0060092356136705     
   6.8316214113295164        1.8439020984424301     
  0.42836253281826364       -2.4309649026417208     
   2.9896660842227640        6.1187690995265793     
   8.1122731870317661       0.41894643141437982     
  -2.4531039625118001        5.0500523492555427     
   12.914717345915207      -0.64977031885665815     
   2.6695031402972016        10.749875017367742     
   10.353413794510704        2.2001410151994421     
  0.10819958889270076        13.599786351423845     
   1.3888513645949510       0.77518534817139173     
   3.9501549159994522        3.6250966822274924     
   9.0727620188084543       -2.0747259858847080     
  -1.1724521868095494        9.3249193503396928     
  -1.8127780746606748       -1.3622481523706829     
   10.993739682361829        1.4876631816854173     
  0.74852547674382608        12.887308517909819     
 -0.53212629895842456        2.9126188487134677     
   2.0291772524460767        6.2707514657367014E-002
  -3.0133891143815346       -1.8075467983169486     
   4.6705215398319684        6.7421872038513513     
   9.7931286426409692        1.0423645357391518     
 -0.45208556297703373        12.442009871963553     
  0.82856621272521691        2.4673202027672012     
   3.3898697641297173      -0.38259113128889854     
  -1.0924114508281590        6.0297093703373275     
   14.275409857598845       0.32988670222512617     
   6.5914992033853448       -2.5200246318309736     
   1.4688921005763418        14.579443372505626     
  0.18824032487409159        1.7548423692531765     
   2.7495438762785924        4.6047537033092762     
   7.8721509790875945       -1.0950689648029237     
  -2.0529002826048468        3.5360369530382396     
   3.0697068202041549        9.2358596211504391     
   5.6310103716086566       0.68612561898213897     
  0.50840326879965403        17.785593623318739     
   4.3503585959064051        4.9609926200662890     
   9.4729656987154076      -0.73883004804591090     
 -0.77224850690259617        10.660815288178490     
  -1.4125743947537215       -2.6352214531886187E-002
   6.2713362594597815        2.8235591195242140     
   1.1487291566507793        8.5233817876364153     
 -0.13192261905147129        7.0984261206083641     
   2.4293809323530300       -1.4513078815599361     
   7.5519880351620312        4.2485147865522643     
   12.514513666008252       0.86424507736064538     
   2.2692994603902483        12.263890413585045     
   4.8306030117947500       -1.9856662566954550     
 -0.29200409101425251        15.113801747641148     
  0.98864768468799769      -0.56071058966740495     
   3.5499512360924990        2.2892007443886957     
  -1.5726558667165029        7.9890234125008952     
 -0.93232997886537783       -2.6981440902094800     
   11.874187778157127       0.15176724384662021     
   1.6289735725391234        11.551412580071021     
  0.34832179683687281        4.4266342449307707     
   2.9096253482413732        1.5767229108746701     
  -2.5331446984931905        1.2204839941176582     
   5.1507659557203116        4.0703953281737579     
   10.273373058529314       -1.6294273399384425     
   2.8158852911310372E-002   9.7702179962859592     
   1.3088106286135610        5.4953509952018074     
   16.676631937040565      -0.20447167291039214     
   3.8701141800180614       -3.0543830069664928     
   8.9927212828270644        2.6454396611457076     
  -1.2524929227909403        14.045084997370108     
  -1.8928188106420654        3.3579174946597332     
   3.2297882921669365        9.0577401627719336     
   5.7910918435714382       0.50800616060363257     
  0.66848474076243525        17.607474164940236     
 -0.61216703493981495      -0.91694950642441730     
   1.9491365164646859        7.6327844957438824     
   7.0717436192736880        1.9329618276316829     
  -3.2134909543350112        1.9774916922263097     
   4.4704196998784909        4.8274030262824095     
   9.5930268026874934      -0.87241964182979093     
 -0.65218740293051036        10.527225694394611     
  0.62846437277173983        6.2523586933104589     
   15.996285681198746       0.55253602519825940     
   3.1897679241762407       -2.2973753088578408     
   8.3123750269852437        3.4024473592543591     
  -1.2925132907816357        2.6899695257403344     
   3.8300938120273664        8.3897921938525357     
   6.3913973634318673      -0.15994180831576577     
  -1.1861515079385043E-002  -1.5848974753438156     
   2.5494420363251158        6.9648365268244845     
   7.6720491391341170        1.2650138587122841     
  -2.2530021225583234        7.3210754435814973     
   13.114819185868683        1.6212527754692969     
   5.4309085316551791       -1.2286585585868033     
  0.30830142884617739        15.870809445749799     
   1.5889532045484276       0.19629710844124659     
   4.1502567559529293        3.0462084424973472     
 -0.97235034685607280        8.7460311106095467     
  -1.6126762347071981       -3.3660920591288783     
   6.0712344195063039        5.1836419430394223     
   11.193841522315306      -0.51618072507277812     
  0.94862731669730271        10.883464611151622     
 -0.33202445900494792        3.7586862760113720     
   2.2292790923995534       0.90877494195527220     
  -2.7332465384466671        4.2930446511468912     
   12.634574769980338       -1.4067780169653097     
   2.3893605643623341        9.9928673192590907     
   4.9506641157668358        1.4431333170907905     
 -0.17194298704216626        18.542601321427391     
   1.1087087886600844       -2.8317336839933596     
   3.6700123400645848        5.7180003181749406     
   8.7926194428735869        1.8177650062740636E-002
  -1.4525947627444169        11.417822986287142     
 -0.81226887489329158      -0.69430018345128452     
   6.8716417793202105        2.1556111506048152     
   1.7490346765112093        7.8554338187170156     
  0.46838290080895861        6.4304781516889662     
   15.836204209235966       0.73065548357676580     
   3.0296864522134599       -2.1192558504793348     
   8.1522935550224620        3.5805668176328656     
  -2.4130835945211047       -1.0505391002082969     
   10.393434162501400        1.7993722338478033     
  0.14821995688339618        13.199017570072204     
   1.4288717325856468        3.2243279008758536     
   3.9901752839901472       0.37441656681975299     
  -1.7727577066699796        5.3617614014179278     
   13.595063601757026      -0.33806126669427217     
   11.033760050352525        2.5118500673618280     
  0.78854584473452105        13.911495403586230     
 -0.49210593096772914        1.0868944003337777     
   2.0691976204367717        3.9368057343898784     
   7.1918047232457738       -1.7630169337223220     
   12.234371090073385       0.10723737925199384     
   1.9891568844553809        11.506882715476394     
   4.5504604358598826       -2.7426739548041068     
   9.6730675386688834        2.9571487133080936     
 -0.57214666694911953        14.356794049532496     
  0.70850510875313111        1.5321930462800442     
   3.2698086601576315        4.3821043803361448     
   8.3924157629666336       -1.3177182877760565     
  -1.8527984426513702        10.081927048448344     
  -1.2124725548002449       -2.0301961212900812     
   11.594045202222260       0.81971521276601855     
   1.3488309966042560        12.219360548990419     
   6.8179220902005344E-002   2.2446708797940689     
   2.6294827723065066      -0.60524045426203132     
  -2.1729613865769331       0.46347629600900575     
   5.5109492676365708        3.3133876300651064     
  0.38834216482756823        9.0132102981773059     
   1.6689939405298184        7.5882546311492565     
   4.2302974919343193      -0.96147937101904413     
 -0.89230961087468241        16.137988633317558     
  -1.5326354987258075        4.0258654635791311     
   6.1512751554876957        1.1759541295230314     
 -0.25198372302355709       -3.0989128715611192     
   2.3093198283809433        5.4508211306071814     
   7.4319269311899454      -0.24900153750501897     
   4.7105419078226642        5.9851795057426997     
   9.8331490106316650       0.28535683763049979     
 -0.41206519498633831        11.685002173854901     
  0.86858658071591188        4.5602238387146503     
   3.4298901321204132        1.7103125046585497     
  -1.0523910828374636        6.6976573392567254     
   14.315430225589541       0.99783467114452495     
   6.6315195713760389       -1.8520766629115752     
   1.5089124685670376        15.247391341425026     
  0.22826069286478701      -0.42712099588352492     
   2.7895642442692874        2.4227903381725753     
  -2.6532058024652767        2.7790292549295872     
   2.4694013003437250        8.4788519230417876     
   5.0307048517482258       -7.0882079126512565E-002
  -9.1902251060775875E-002   17.028585925210088     
   1.1887495246414743       -1.4958377461545629     
   3.7500530760459756        7.0538962560137382     
   8.8726601788549768        1.3540735879015378     
  -1.3725540267630263        12.753718924125938     
  -2.0128799146141514       0.64159575438751215     
   5.6710307395993507        3.4915070884436128     
  0.54842363679034944        9.1913297565558132     
 -0.73222813891190119        4.9164627554716631     
   14.635593169515104      -0.78335991264053773     
   6.9516825153016022        2.0665514214155625     
   12.084294710108278      -0.81675731108650762     
   1.8390805044902740        10.582888025137894     
   9.5229911587037765        2.0331540229695930     
