   9.4662899132585459      -0.60906286778186880     
   10.209944214236033      -0.89459931922638702     
  -2.5813493990753988       -1.1064573469647487     
   10.435897845768720       0.16138143282251249     
   1.4592830121677554        3.1667507116397124     
   5.0427503006753494        3.4735034247769296     
   7.7989116214661660       -1.5129843841818649     
   6.8992377101296896        3.2432699846286019     
  0.17099958628979195      -0.80395036110450979     
  0.40684050797134930        2.9199726453632588     
  -1.8292894701407003        6.2227752812671859     
  -1.8210035220726093        9.2599051896449218     
 -0.64291194206630564        11.362042830085469     
   2.1483073843277798        3.6891348150757595     
   4.0148031452170034        5.9999507355292909     
   3.3682630120053161        6.2221630119243159     
   15.093963171402491        1.3408150629199480     
  -1.7287325463648802        6.6428794692640381     
   7.7642879371644931       -2.0357372938835807     
   1.9078546517782811        8.0734832922637594     
  -2.9594693828071188       0.17208046922702991     
 -0.15407798842113385        4.7867764267701638     
   7.1051323125800447        3.9069753939472069     
  0.31565314018486657        5.9516982750209984     
   4.3292587634698787        3.1098670520456948     
   10.127186846325124       0.84289316528149039     
  0.81558107027400384       -2.1028831459832116     
  0.12121473965861052        4.5398586978058368     
   3.3003458757741471        5.2732533831256809     
  0.86782367685817041        8.0762891077228165     
  -1.0173491864664443        2.4921276769919145     
 -0.45081111483608760        3.7497046467601352     
   3.4308872712182770       -2.0274975122105645     
   2.9970141473922545        10.212283411242769     
 -0.72749917662104302        3.3582877222822733     
  0.81125416120402560        14.381748206570355     
   3.1742872895765788      -0.60460816503481141     
   1.5515835577219641        3.5547205134388622     
   5.1002562291058329       -2.9215002332241204     
   1.9855292558080273        12.730966729165017     
   8.8014566798083873        7.2586496327508687E-002
   6.1780439539720611       0.87867680494500489     
   6.5247955777721174        5.2334500178806440     
   13.110400032165371        1.2760549759944131     
  -1.3216237965179747        10.873652994109070     
   1.1078498612118577        4.2043107147057839     
   2.6269949580488174      -0.97832645091875703     
   1.9276458786541713        13.238837210843913     
   7.1934127313825726        3.1151948533736031     
   12.584661920516812      -0.59447190270809802     
   6.9782562326698372      -0.49069287614315238     
   3.1805557951804864       -1.7805205050647339     
 -0.40684387255803856        13.087350036447416     
  -2.6620676539437333        1.6660893985281802     
  -1.1945842700563731        12.075843222789851     
   3.0151704581201577        7.6749631568001870     
  0.34785317647780234       -2.7574861052179509     
  -1.7166201184053309       -3.3460569060342831     
  -1.4129192751063133        5.0282706929785466     
   1.2178817909823176        5.5838846228083643     
   1.0506865336282130        6.8935595364737665     
   5.8579499322435691        5.8467861979299585     
  -1.9896948864304009        9.4785367252967010     
  0.98059391581940991       -1.1520421402557846     
  -2.3692763020542720       0.93139716052435206     
  0.46475303084825681        13.031499003363058     
   12.439142980285498       0.74025192075546409     
   7.8565832566429847       -1.6222390604596626E-002
   5.2030505564482059        4.8697713310896997     
  0.76902342391723044        3.3947400101663336     
 -0.63985464044730822        4.9872407670407313     
   12.025938784088147       0.18156344547399073     
   8.9870560464955673E-002   13.837767995975094     
 -0.96956921203289115        10.514305011668931     
  -1.5795060609993712        1.6306747727746136     
  -6.3217238088197458E-002   7.4532516999268914     
  0.70188306358814723       -2.8987150967996831     
 -0.46876368005258140        8.0154790797932964     
 -0.59400622932899605        6.9599326593263040     
   1.6686741360153108        3.5345623801303465     
   6.1156958695151094        2.8541700698214831     
   5.7171159537177285        2.1993878659938875     
   5.2698803415611835        1.6988883117824130     
   15.539629953866532       0.45084652315927931     
   3.9908623202760505       -1.7721940558512896     
   1.8790472602485067        5.8451240199036505     
   3.8235763722244518        5.1931494320879157     
   4.8878316722333128        6.5658529850780152     
   5.8885913087950996        4.1639351518147265     
  0.73083825943932501        9.4797868407370025     
 -0.46992484679911373        12.097809535837479     
   6.8389788102758224      -0.18286045507242443     
   5.2969511117862211       -1.5548901477039321     
 -0.72111666992002910        7.6929038975146415     
   11.112091623022501      -0.69390604533218658     
   12.514719477796236      -0.74882085249966313     
   4.8669747685253224       0.30100444647588587     
  -1.3211278484962345       0.50179539120733496     
   13.111307136327051      -0.45808396469190837     
   5.8123273487915590        1.2269497300863006     
   10.992168026435202      -0.44213128548864900     
   3.2022061345367034        3.9157264776450851     
  -2.1651758923957320       0.10703266677189882     
   7.2067299088281889        1.8472866083663493     
   5.4967088716835608        4.0781694857617801     
   5.8869959647981744       -1.0966177930842211     
   6.9061228884109234        7.7455117281957087E-002
  -3.0080496050224910        2.7068896008778291     
   2.3145258193598068       -2.9915302057024342     
   5.4025069256907106       -1.3476962844564451     
  0.13299733182234341        10.833319287916025     
   6.2227640021043147       -2.0087871810207556     
   2.8494182679047415       -2.8845007287975766     
  -1.8287637194244772        2.1998142623928563     
   7.8498918323137925        1.6722403398128409     
  0.39711558191018037        12.392912581135262     
  -2.7292118618456316      -0.88416156521972367     
   12.958260605028775      -0.64079198975096530     
   1.5983468087830253        3.2720306721178329     
  0.93048367427322498        2.2696858236411992     
   11.896589426215266       0.59442589718745653     
   3.7456705316197598        7.2547893973436253     
  -2.2513892116852858        2.7693369642768624     
   3.1578935601827536        4.2332117256583253     
   1.7153670358851740        3.5944758105550432     
   11.753781328155943        2.0226771446365386     
   1.6854374138600563        12.210678819020549     
   4.5074924011900208        7.3305135082815127     
   3.1626316058121606E-002   13.856836326548907     
  -1.0002867861616433        9.5252449066200349     
   5.3066508319538190        5.7529129437031088     
  -1.1615102109580313        4.9326541649710460     
  0.68853927790809832        6.0093788674598034     
   12.281505455951105        1.6242914211052395     
   9.6267237824837526       0.89038631354988729     
  -2.9050190450925704       0.99872648197710712     
  0.42520253841115974        15.107983346680323     
 -0.13421758465889155        11.898960826136694     
   5.4490998076916988        5.6958671723748875     
   8.7253915197715202        3.5100955591285632     
  0.73098848347388179        4.8763649223343570     
  -1.7297919690814241      -0.45095234154736596     
   12.274907605353389        1.4159217842000875     
 -0.87178337257958027        5.0106869952351918     
   9.7633522738774516        1.4374951426560441     
   1.0311752467852222        10.302507331358226     
   2.3641494222744766        5.0866162195928570     
   4.5219434941898413        2.3955487791156806     
  0.45688019646142042        14.679550955977001     
   14.052521955309514       0.68540721426292928     
   4.3272518110488605        5.1052138960502020     
  -1.6402802618966690        7.4797427509408916     
  0.57765714517690459        14.639706011609972     
   2.3702325979914156       -1.1750631652622232     
   5.4102499686850596        3.2206236679174114     
 -0.60797259067405607       -2.2637331904366866     
   11.095823882557109      -0.37238391332613707     
   6.6557848936748556        3.9339238273403452     
  -2.4471595439225848        2.2462444739247975     
  -2.5071685385481146       0.14745878274561663     
   3.4130277142859939      -0.26008675279162752     
   1.2733911980489654        14.856633380130189     
   9.8830139475650665       -1.4083629764813068     
   1.4635893061936494        9.4591429550164214     
   5.6247742668671616        6.1761242603270272     
   7.5141362987639120        1.7591002701031857     
   3.6457897195318743       -1.8695708758424385     
 -0.23722793872943138        5.2569696697505286     
   6.5015415827500931        3.9859390542284809     
   4.0261334000539506        7.1581876754133358     
   5.0302784194583161        3.1886874771220008     
  -2.7035250674254696      -0.21970217981377171     
   5.3081735502500180       -1.1030879831846554     
  -1.7915339901663014        10.632436395041088     
   7.9871626475069561        3.4450417618449438     
   8.1279724146532644        2.2263870330589453     
   1.4359988303175748        11.712830620605789     
  0.47440230560919261        3.3201966310579629     
 -0.37122169912411973       -2.8714657566043744E-002
   12.774169760497022        1.4622758992881368     
  -2.5836532862243815       -2.7338433784118150     
   4.9470746428038161      -0.40909619212866000     
   4.6103218648734767        3.5298898074503122     
  -2.0736013837118135      -0.67961759053026860     
  0.50375878322360323       -1.6389613747359446     
 -0.43831336288583733        9.2176043793209175     
   1.8664471333571320        8.2518448177049155     
  0.64757191126242031        13.467658277356415     
   2.4790166338399637        2.9489365016107709     
  -1.3187504375665824        7.1026224136432887     
   11.933990722520852        1.7914999743154429     
  0.85924154565061306       -2.0489537457074065     
  0.61664050262408443       -3.2288225891258229     
  -1.9171939834807192        8.6086744978963701     
   6.6947959610548313        2.4897000690152526     
   3.8628117692381330        6.9794041856706812     
  -4.1728448264902074E-002   13.184271682463786     
  0.97097175733944807        5.9012526467254016     
   1.0004378738321003       0.73964775345118161     
   1.5368619290077299        8.5341862612056936     
   7.8852651096975492       -1.6085905685413739     
   13.029649901291299       0.52747564305528138     
  -2.3190057299828868        7.2531602842691640     
  -2.8831042037617620        1.6852249521707612     
   7.9924200732399271        3.5453146713015680     
   3.2476447284968040        1.6069263416673834     
   5.5131101346406055        2.8885612869529127     
   8.9107895002986268        1.6272527612769250     
   2.5251818147300376        10.131654565344592     
  -1.1618164127899004        8.6499258701480759     
  0.93743306323463704        9.9466398833184009     
   4.1740541300763301        3.5969283057355912     
   2.6416662257384593        5.3919765848309158     
 -0.81962580150529973        15.037721451777704     
 -0.16548785464709015        12.863523921506532     
   7.7461986400313876       0.94071064955887485     
   1.0432456217663417        4.6625127089608913     
   13.119186417458829        1.1581002977520884     
   10.715472521961429        2.2052407337709545     
   3.9621200249864166       -1.9570720957856982     
   6.0745989400142228        2.9686205096203531     
 -0.15782528700756071        2.8029789605457949     
   2.0390303669813599        9.7818738282595525     
   12.087074213090052        1.0924039048463059     
  -2.5193466583840696        5.7486139125574063     
   4.6530427072175780       0.42380830252014023     
   2.0903300898961805        6.9426558885448681     
  -2.8743306895032963        2.4707143836849412     
   6.2576696529944567       -2.4290797364183287     
 -0.60362394533474317        4.0642249056790725     
  0.62085980504290283        10.471675116980222     
   4.1771958762437311       0.89054104654981225     
 -0.91039917143755922        9.2342011506587909     
 -0.32313056848364852      -0.78375816646264340     
   1.0658607366356914        9.5818071947313808     
   9.1891078843877274       -2.0777479176107834     
  -1.5714262015394724        3.4601993692883606     
   2.5686682521852213        11.286696641601095     
  -2.0226064542656959       0.94970775917312222     
  0.45014938724467957        12.930136680186687     
   3.6728297355174484       0.97182021202642277     
   5.3572155401237147        4.8395398035829604     
  -2.1336794939797619        7.2340198802953282     
  -2.3981459395440083        5.4322954594145454     
   9.9483277084743538        1.8071627565872048     
   1.6115878048815078       -2.7858565242841027     
   8.5644114769499371       -1.5680039369616932     
   7.3350192174402533        4.9393234226594096     
   3.2036580864263233        6.7499297613325453     
  -2.0330141222673435        2.1898780019121697     
   1.2550382682031711        14.025758216318581     
 -0.32886306335428417        14.961334570016680     
   4.6714520371151735        6.5050083205621245     
  -2.8549288671920716        3.8909235376105795     
  -2.1409266879515689        4.0886324754628287     
   12.196891187095432        1.2294126813228918     
   3.1903885745259886       -2.3640640735816403     
   2.8701509647126042        6.1204707831223146     
   3.3104863158695248        6.3654343477611111     
   1.5652820902696631        5.9692476813496853     
  0.33500641990500890       -3.0179699020838791     
   3.7054210224555875        2.8626098602313728     
   3.4515693067862414        1.5502917768518247     
 -0.33600589268699066        10.969112388366135     
   3.0731523274401034       -3.2313732563652695     
  -1.2306222680635495        6.1936166879043011     
  -2.3676321660737440        7.5961456464749251     
  -1.0549993702693441        11.194858360115900     
  -2.8424940655791495        3.4123964528434452     
  -1.4624895633420707        3.7290240444035061     
   1.4378007257433212        3.8211342321442685     
   5.2060879066594890       0.42074161171475799     
 -0.50756853087961007        6.9171091100212099     
   6.6659091097999319        2.4671125690476399     
   3.6315964054229402        8.7642306229140434     
   1.8783496051317896      -0.77664555459158890     
  -1.4750167261607303        4.8390829760499052     
  -2.1127451582961769        7.8428110969571456     
   6.7970105853851503       0.47363238057975865     
   2.7851685662072021        9.1929993447172471     
   1.0559138561346919        14.133640873140772     
   9.1221589143326831        3.4375425360486855     
   1.8176061791390388        12.960777160708739     
  -2.1111620737001418        8.0522039353290609     
   10.005211727251178        3.2067388756935649     
 -0.42086916884805836       0.72489873624809809     
   1.1916931172830396       0.55475932202128275     
  -1.1448601757899288      -0.13671474566785458     
  -2.1492761126006288       0.48463290613104926     
   1.7021203987732494       0.28586591482419266     
  0.25526408220705488        2.5144276565955832     
  0.54530457665592991        6.4253482189146354     
   5.9852318753352858       -1.8804571652332112     
   4.2410911188351275        7.9029509660176966     
  0.98093051228044503       0.69537615192303059     
   1.9114098974688223        10.181426521148706     
   13.299872924339907      -0.57688505594204376     
   11.984038347609642        8.1101204970780216E-002
  -2.9099862160500471      -0.78667595417797864     
  -2.0516332147377785        7.7320383825649213     
   11.327675372342799       0.19563385975266057     
   4.1588123733409184       -1.8026109305617859     
   11.481946395254953        1.8660663269073097     
 -0.57361594401758120        3.5946815448570919     
   1.2689807421142683        2.7913611751497025     
   5.4837998821602270        4.2916250047193234     
   2.2602768551222892        11.339780028319099     
   2.6697544374164166        4.0346080791145376     
   5.0803971994634534        2.9146184722229740     
   13.861757590636229        1.4955506364408522     
   4.2473833478074940        2.0610072735624700     
   4.0659046657839664        1.6955857890871928     
   8.7116072295027625        1.9875441117235293     
  0.78302181566333529      -0.67085524002013042     
  -1.5057248034810313        1.7881051103655490     
   3.8320544175516242        8.1160960733331144     
   3.9739530893099428        6.9696162967581134     
   3.4669915911421980        4.7253473864683038E-002
  -1.8765804671082837       0.30557524836611805     
   2.7051586055120178        9.2037541110902765     
   1.2590004707014475        7.5670005996853167     
  0.92778065459177705      -0.76895121388731935     
   1.7179828422182504        3.2376022871915784     
   11.520783501798245       0.35046331100288475     
   2.3115403234203780       0.94859482657366767     
  -1.7103691421915714        8.5513289240428509     
  -1.4767232716617678        1.0591014656123918     
   6.3610656320519716        2.0956319398862191     
   7.6018284568694128       -1.1912257816860650     
   9.2989458324535743       -1.9155864437049395     
   9.8655245358764798      -0.24295920561248030     
  -2.1610267089637363        3.0968298894632889     
   6.8551174439040707      -0.81424452385050561     
   2.7048174184707441        6.0722636647007402     
   4.3863367129315467        6.6096123813162357     
   4.6395623056207480        6.6393341572372329     
 -0.20135995307149956       -2.2114266329939420     
   1.8987220780306839        9.3959101152468882     
  0.45596366640528796        7.8227191237783327     
   10.444706841286772       -7.6750585581376374E-002
  -1.9816565428289654        5.7098492969389287     
   6.4108527611531905       -2.4053429966696083     
   4.0358335756974579        1.2591493374375493     
  0.89950285692397491       -2.2785548280504608     
   7.3567039330881911        3.7248310938439588     
   3.8503927747061106        3.6150210203293249     
  0.31544683683027230       0.61048509166324871     
 -0.62614605610669116        12.921813050131375     
  -1.2868976543130293      -0.61362927466220007     
   6.9498044537907244        2.4493379170932124     
  -2.3085260355163268      -0.17471110911406651     
   3.0069093836153953        6.0988502391864721     
   6.1420275529558843       -2.4169210443249920     
   1.3753863337414498       0.44153999357962848     
   5.2291121998373473        4.6010279400991969     
   3.2354634572677798        9.1128200228904692     
   9.6590654280191011      -0.75777085671405153     
  0.71536632128215194        4.2658961219760023     
 -0.46177343391607373       0.53497424484518463     
   9.2923167287881601      -0.48728009899684155     
   11.653214175998331       -5.1558591526218667E-002
   3.1803762602320362        8.8234448676849464     
   9.4290242128965662       -1.5897824888530585     
 -0.33003624729096304       -1.2329599813074861     
 -0.12267169422501167        6.8125368473022103     
   3.9173875070152211      -0.91327366997463599     
   5.7346521825175927        5.5368799583072601     
  -1.9987146883857416       -1.1738835623231352     
   7.4730150068754675        1.6333869404577537     
  0.25040414819379686       0.38605784900667972     
 -0.98419534069583658        8.8180677228375277     
 -0.77214670934953844        10.861324694417695     
   2.4411341858988620        3.7551349471958599     
  -1.5299912411193970       -2.2174211415503025     
 -0.85266257643110110        13.121889499114582     
   11.892658333725942        1.8241992023290012     
   4.7901487753756804        1.2697617626670508     
  0.45455764764257633        5.7930952817634491     
  -7.0033260407207365E-003   7.4679677664273960     
   11.329854998346770       0.76820713129279783     
   14.331939934363694        1.5467571165444807     
   4.0284361947544678        7.3211396482735864     
   12.238448215269139       0.59292518779207226     
 -0.65171443348562486        1.4457391550638445     
  -1.2083962941673887        9.2506157426144551     
   1.8933745014769863        13.803726518893791     
  0.18875304662448711        8.9803331472095902     
   10.820875650427663      -0.50632341227266497     
   8.7990127887675200       0.68957964415862749     
   10.035077987333992      -0.26441848923694522     
   3.7243239849432075        7.0571910475684057     
   4.2929298639714606        2.9697024992905008     
  0.28620430083123205        2.9798380577802512     
  0.40607292067531287        8.7733029668404505     
   4.5143483272437042       -2.1391822762812147     
   1.3533773483985612        11.151495214854025     
 -0.28595841932505106        5.9684719248832465     
  -2.6923852450461956        5.3688850392370586     
  -2.3486316040133959       -2.9963254381058668     
  -2.2479713548085720        7.7897232131259990     
